2347020044259
2347020044211
2347020048608
2347020044066
2347020042740
2347020043745
2347020046784
2347020044872
2347020047317
2347020046998
2347020047368
2347020045591
2347020042378
2347020049494
2347020047068
2347020040247
2347020045912
2347020040516
2347020040317
2347020042123
2347020044805
2347020044126
2347020046263
2347020047795
2347020047861
2347020043396
2347020046326
2347020045910
2347020048945
2347020049141
2347020041298
2347020042025
2347020045248
2347020049886
2347020042353
2347020046184
2347020047187
2347020049861
2347020049750
2347020044581
2347020042198
2347020040806
2347020047713
2347020044111
2347020049250
2347020049199
2347020043045
2347020049559
2347020043846
2347020048743
2347020046413
2347020041855
2347020045573
2347020040601
2347020041380
2347020045549
2347020049465
2347020042008
2347020044005
2347020049389
2347020043059
2347020042244
2347020044671
2347020040737
2347020047090
2347020049730
2347020044135
2347020043972
2347020047139
2347020045830
2347020047506
2347020048389
2347020046416
2347020046252
2347020049160
2347020046023
2347020045500
2347020043146
2347020041435
2347020046893
2347020044239
2347020046015
2347020047433
2347020040298
2347020046097
2347020041701
2347020040069
2347020049854
2347020046484
2347020041806
2347020046758
2347020042527
2347020049048
2347020041000
2347020047655
2347020043233
2347020044986
2347020046492
2347020040243
2347020046866
2347020049970
2347020047555
2347020047952
2347020047769
2347020041772
2347020045273
2347020040659
2347020046906
2347020048572
2347020047223
2347020040673
2347020044885
2347020046255
2347020047344
2347020043002
2347020040982
2347020045636
2347020045949
2347020042650
2347020042336
2347020040097
2347020048116
2347020042022
2347020045856
2347020047492
2347020041488
2347020040861
2347020049148
2347020041724
2347020041500
2347020040490
2347020041401
2347020040400
2347020041075
2347020048184
2347020042550
2347020048535
2347020045094
2347020049467
2347020044132
2347020042604
2347020044324
2347020044426
2347020047606
2347020044060
2347020049162
2347020044242
2347020045998
2347020040964
2347020046022
2347020040617
2347020043446
2347020044746
2347020040504
2347020043352
2347020042991
2347020047595
2347020040503
2347020043344
2347020040694
2347020044519
2347020046573
2347020040873
2347020046462
2347020047064
2347020043375
2347020049356
2347020041357
2347020044786
2347020042476
2347020046656
2347020043909
2347020044033
2347020043207
2347020048663
2347020048062
2347020040023
2347020047927
2347020043508
2347020040342
2347020043832
2347020043766
2347020045138
2347020049838
2347020047957
2347020044506
2347020048234
2347020041830
2347020046801
2347020048561
2347020047377
2347020042271
2347020046929
2347020042226
2347020049644
2347020047571
2347020045079
2347020047613
2347020049281
2347020044460
2347020046278
2347020043497
2347020043346
2347020042021
2347020044205
2347020041362
2347020043152
2347020043341
2347020045557
2347020043970
2347020045462
2347020043156
2347020043023
2347020043315
2347020049064
2347020041104
2347020041884
2347020045198
2347020047332
2347020044979
2347020045387
2347020044583
2347020049578
2347020042932
2347020044173
2347020042267
2347020046049
2347020049586
2347020047471
2347020046421
2347020041972
2347020045379
2347020047263
2347020042999
2347020042409
2347020045525
2347020041199
2347020047881
2347020046682
2347020046620
2347020047221
2347020047832
2347020046201
2347020045665
2347020047671
2347020044170
2347020048286
2347020042224
2347020044740
2347020048651
2347020047524
2347020044554
2347020048009
2347020042586
2347020046486
2347020047546
2347020046533
2347020044258
2347020043424
2347020048040
2347020043460
2347020042207
2347020044536
2347020041651
2347020048375
2347020048431
2347020045718
2347020042578
2347020040936
2347020047338
2347020044634
2347020046348
2347020044476
2347020048322
2347020044819
2347020049656
2347020048132
2347020044672
2347020046005
2347020049071
2347020042642
2347020045768
2347020047636
2347020044109
2347020044503
2347020040347
2347020047747
2347020041596
2347020042977
2347020042863
2347020040211
2347020041999
2347020045514
2347020046390
2347020044881
2347020044627
2347020045955
2347020045212
2347020042585
2347020047755
2347020666704
2347020663685
2347020663578
2347020669869
2347020666146
2347020668441
2347020665940
2347020660674
2347020664372
2347020665608
2347020661347
2347020665485
2347020664238
2347020662926
2347020660833
2347020667972
2347020665840
2347020667884
2347020665731
2347020662480
2347020663895
2347020660864
2347020663083
2347020669617
2347020666816
2347020662412
2347020660051
2347020662385
2347020663651
2347020660972
2347020664131
2347020667280
2347020669623
2347020663164
2347020663830
2347020666236
2347020662156
2347020661396
2347020660124
2347020662639
2347020668824
2347020668314
2347020662118
2347020663461
2347020661780
2347020660225
2347020666556
2347020665023
2347020660522
2347020661415
2347020662421
2347020668396
2347020669235
2347020661551
2347020666788
2347020660708
2347020661198
2347020665834
2347020660869
2347020667262
2347020669164
2347020666645
2347020662380
2347020667799
2347020660097
2347020668224
2347020668307
2347020668277
2347020665967
2347020668037
2347020669168
2347020666912
2347020660416
2347020661863
2347020669761
2347020664542
2347020662230
2347020668809
2347020662894
2347020667559
2347020664771
2347020661676
2347020664997
2347020665555
2347020662484
2347020666426
2347020669548
2347020664004
2347020664626
2347020661331
2347020666734
2347020663130
2347020660547
2347020666043
2347020660770
2347020661523
2347020662714
2347020663640
2347020669059
2347020669055
2347020668048
2347020665807
2347020664731
2347020667806
2347020661553
2347020661773
2347020660911
2347020662291
2347020666322
2347020664077
2347020669198
2347020666106
2347020662891
2347020661933
2347020668292
2347020661750
2347020661047
2347020663023
2347020664180
2347020665486
2347020669454
2347020662686
2347020667606
2347020665768
2347020662360
2347020660500
2347020669692
2347020665011
2347020664326
2347020660276
2347020669148
2347020666157
2347020666356
2347020664603
2347020660311
2347020668595
2347020669400
2347020660320
2347020662016
2347020662809
2347020668038
2347020664747
2347020662823
2347020664196
2347020662976
2347020665658
2347020666295
2347020660022
2347020669417
2347020669489
2347020661126
2347020667322
2347020665833
2347020662115
2347020666294
2347020668086
2347020664252
2347020664171
2347020661609
2347020663403
2347020668302
2347020663396
2347020663713
2347020668957
2347020665414
2347020662045
2347020668388
2347020669169
2347020667531
2347020660017
2347020664041
2347020667648
2347020665150
2347020665584
2347020661215
2347020660722
2347020664187
2347020665354
2347020668319
2347020666061
2347020664582
2347020662578
2347020668660
2347020665516
2347020668762
2347020667891
2347020663112
2347020668108
2347020663328
2347020667195
2347020660231
2347020666908
2347020669600
2347020669208
2347020662851
2347020666345
2347020661150
2347020665551
2347020666628
2347020660181
2347020664837
2347020662276
2347020660104
2347020665867
2347020662312
2347020660241
2347020665453
2347020664391
2347020666168
2347020666320
2347020669061
2347020660030
2347020662912
2347020669431
2347020664777
2347020665366
2347020668521
2347020666279
2347020664441
2347020666111
2347020666923
2347020667231
2347020661317
2347020662034
2347020668976
2347020668829
2347020662135
2347020666392
2347020668265
2347020661738
2347020666737
2347020663638
2347020661094
2347020660801
2347020662363
2347020662845
2347020665511
2347020669238
2347020665062
2347020660508
2347020661752
2347020667046
2347020667674
2347020664463
2347020667317
2347020663087
2347020662855
2347020668951
2347020667470
2347020661276
2347020666297
2347020661674
2347020668145
2347020668712
2347020664406
2347020668176
2347020660484
2347020660079
2347020664751
2347020664799
2347020664830
2347020666404
2347020668177
2347020660450
2347020664891
2347020668857
2347020662193
2347020669437
2347020662616
2347020660767
2347020665709
2347020660640
2347020662298
2347020663061
2347020664072
2347020662836
2347020662515
2347020669418
2347020660285
2347020663322
2347020660828
2347020660808
2347020663410
2347020661465
2347020668523
2347020668504
2347020667017
2347020662450
2347020665622
2347020667964
2347020667766
2347020663323
2347020667010
2347020660435
2347020665092
2347020666151
2347020660288
2347020660060
2347020667570
2347020666190
996770021718
996770209150
996770145193
996770151024
996770237597
996770140267
996770209582
996770279177
996770291621
996770213146
996770216946
996770291043
996770143563
996770268116
996770284297
996770295457
996770213393
996770014832
996770069278
996770286387
996770212380
996770217162
996770206994
996770124076
996770140355
996770109457
996770138029
996770214031
996770217255
996770152454
996770207380
996770130779
996770285973
996770265045
996770205870
996770251795
996770232154
996770131901
996770109666
996770120146
996770126023
996770215571
996770206228
996770248430
996770132501
996770203595
996770288225
996770283190
996770213649
996770129776
996770234059
996770284653
996770301898
996770139408
996770125686
996770297302
996770261066
996770104581
996770104944
996770147458
996770142252
996770205247
996770296523
996770244216
996770231044
996770236637
996770138576
996770235891
996770245467
996770138134
996770021253
996770269502
996770206943
996770285232
996770132338
996770292586
996770068406
996770212826
996770150063
996770147396
996770246308
996770210837
996770271734
996770287656
996770014840
996770123829
996770247055
996770208506
996770210838
996770263725
996770212561
996770238325
996770085849
996770022476
996770015254
996770015922
996770206074
996770129014
996770264846
996770210830
996770149094
996770109744
996770239108
996770014791
996770146762
996770214952
996770105450
996770245649
996770285349
996770076216
996770129166
996770273772
996770108991
996770299151
996770126550
996770264205
996770281310
996770204277
996770013675
996770246356
996770257341
996770287498
996770238491
996770015523
996770219681
996770104978
996770022340
996770152418
996770284960
996770024223
996770091890
996770248559
996770279277
996770217183
996770282064
996770207259
996770131567
996770287519
996770208581
996770270008
996770121046
996770128653
996770298526
996770208332
996770122627
996770232110
996770103931
996770067422
996770215618
996770270969
996770215765
996770206211
996770275425
996770237901
996770258261
996770147164
996770264584
996770148044
996770132481
996770106635
996770261820
996770273183
996770149627
996770291577
996770124200
996770150238
996770288142
996770127362
996770242996
996770119878
996770250114
996770068623
996770217970
996770143457
996770038154
996770070442
996770213079
996770125293
996770106540
996770143677
996770291992
996770120727
996770210839
996770107213
996770205660
996770261805
996770143681
996770235224
996770138197
996770273688
996770248917
996770246244
996770263470
996770145615
996770015853
996770215306
996770254397
996770209255
996770246548
996770256982
996770210096
996770124068
996770140941
996770216268
996770291054
996770208401
996770108424
996770220616
996770233310
996770023088
996770204690
996770291774
996770294590
996770278789
996770212692
996770236102
996770285439
996770139238
996770127588
996770094338
996770261398
996770015067
996770210513
996770231685
996770016543
996770249223
996770283513
996770214878
996770234021
996770092393
996770279877
996770285004
996770216842
996770151146
996770276343
996770216348
996770272840
996770131032
996770138810
996770109643
996770231494
996770237017
996770214398
996770285449
996770210461
996770096672
996770272540
996770263722
996770252095
996770303279
996770124609
996770239924
996770295695
996770244143
996770279033
996770251901
996770108560
996770108231
996770066122
996770248468
996770203962
996770103316
996770248847
996770095360
996770213800
996770261407
996770261393
996770245548
996770241970
996770241571
996770212930
996770209861
996770244085
996770130242
996770236657
996770207427
996770216910
996770263857
996770296168
996770068620
996770219424
996770214254
996770203803
996770209875
996770141688
996770279136
996770232119
996770289168
996770258915
996770230027
996770022383
996770105519
996770087601
996770101544
996770214548
996770299511
996770130360
996770145287
996770142164
996770145932
992920064436
992926000073
992927400989
992927595268
992929414146
992929598653
992924440164
992926017317
992929673018
992957547840
992928193749
992929665400
992929664752
992924799915
992928993077
992928836594
992920301914
992929674366
992929596753
992929851943
992929858140
992957548089
992921117043
992928804674
992926400547
992929593169
992929853842
992929919201
992922109062
992929565317
992920198984
992929697640
992926148318
992920303474
992928191331
992921034529
992927597837
992957501572
992927593959
992920301923
992924798958
992929659985
992926146379
992927492211
992927492176
992920097269
992920282874
992922001499
992927001881
992921434815
992927209813
992929566415
992927409303
992927502856
992928727141
992927496217
992920289139
992927504700
992927506336
992928839702
992921037164
992957548064
992926513076
992926513822
992929472141
992923771081
992929912222
992929662481
992927189029
992920192229
992929914941
992922056813
992929690977
992920068608
992929689470
992928832350
992929645683
992922101308
992929558172
992924799862
992927509696
992929855939
992929548975
992924446219
992927590681
992922105480
992924442563
992929911614
992926007505
992929091604
992928998636
992927005737
992929473257
992924794287
992927541096
992926009381
992927408200
992929648857
992921035337
992929699816
992920198045
992922058679
992920282060
992921033194
992957505607
992924791958
992929473164
992957501774
992929663673
992929662644
992929098194
992924443809
992926006826
992922055303
992923774389
992927004491
992929698824
992927004409
992927006428
992927493442
992927194381
992928197150
992924795005
992920304927
992924797103
992957509664
992927195725
992924443065
992927089061
992927785614
992920285384
992926517031
992923778373
992929664087
992929690690
992920067798
992929595140
992928727579
992929911971
992920069864
992929910164
992920092478
992929698839
992927998028
992929092141
992928071639
992926143095
992920061286
992929090724
992923777866
992920305241
992929091066
992921034437
992927735084
992927592536
992921033570
992927198038
992926000523
992927785212
992927206087
992926005134
992928807238
992920090685
992929570671
992928990751
992929656175
992928198682
992926016348
992927203899
992920301249
992923773395
992927781705
992926008471
992927494556
992929670391
992920199067
992927194764
992924791190
992922107414
992927503858
992929595022
992928837973
992921119914
992927735710
992927684688
992927502952
992926515547
992927789000
992928804422
992923771430
992927005405
992922050095
992921031412
992920197596
992924799795
992928728322
992926516440
992929567383
992927586720
992927409323
992929854025
992926012899
992929666540
992926143699
992928800343
992921438317
992927402669
992929658000
992927491202
992924795820
992924794393
992929417140
992927785649
992926402196
992921117603
992929652191
992922103820
992928837977
992920099215
992929652620
992926144097
992957500142
992929673529
992926405776
992928837970
992929668030
992929565168
992926017900
992927502304
992922008132
992929598371
992920308444
992928072760
992927505108
992957546399
992928830513
992928839864
992928070047
992928072448
992924791578
992929657328
992927004926
992926406637
992928727061
992922106491
992927004917
992926016890
992927733352
992929655838
992929652876
992928071246
992927186833
992926012138
992927080396
992927687486
992957544867
992928193547
992929412006
992957500835
992924799882
992922002451
992929099475
992928832900
992928996231
992927683546
992928832314
992928726156
992929678078
992929558683
992957500240
992922002287
992927733078
992926408526
992921112874
992929417878
992921431947
992928720063
992927197112
992927685192
992929914680
992929677263
992921437360
992922057600
992928809578
992927201888
992957540086
992922055166
992928801679
992922004676
992929595990
992926004340
992920303490
992927401052
992924444640
992928991556
992927491998
992929597991
992927780805
992927190127
992929919894