4164688297
4167292313
4162036285
4263183985
4262485037
4168034737
4163683512
41624019
4267275052
4160607406
4169768797
4167777959
4165007494
4265753908
4262612503
4164688271
4167128261
4168138799
4262170456
4169675094
4167335200
4261808546
4160075506
4160562425
4167101655
4169632241
4265372470
4261808544
4165620350
41649884
41624011
4161092637
4260403595
4164103717
4164235278
4169645511
4261897372
4164235231
4165608185
4163866663
4264005570
4169645556
4163908928
4161596376
4166203927
4265123255
4165929566
4162554603
4267882577
4167503241
4162890998
4265034765
4163320306
4168034725
4263736870
4161184959
4166933447
4167571416
4262609792
4264881834
4262157479
4162004566
4264377761
4269488446
4167689078
4269302139
4266319896
4262684297
4265578284
4262733177
4169913798
4163870565
4265206091
4260485173
4165094769
4260832901
4161596399
4164726528
4262874765
4264300214
4167163320
4263110462
4165608147
4267660113
4161900301
4263779163
4262402092
4161913260
4161184930
4160802438
4169692032
42633370
41624510
4166802724
4161930044
4167400151
4262197829
4167777956
4161966847
4269461056
4166706405
4162405073
4160209433
4166607706
4166793201
4167230696
4162794433
4160309525
4262373431
4260744315
4260306592
4165608113
4264832636
4261235146
4166338051
4269488428
4267202977
4163600499
4166486454
4166787640
4264716698
4162708008
41682069
4260615348
4260605401
4263304556
4163701731
4166624850
4162036248
4165618148
4166322494
4160475409
4262684245
4261235113
4269565768
4169990328
4269704345
4166000157
4167178408
4263372887
4263700991
4162861613
4160075528
4160329772
4161406790
4162247283
41682068
4269302109
4161972330
4261764881
4166027203
4263736836
4268303678
4268305172
4260485162
4168535729
4169619817
4166049793
4260412532
4267636039
4264506962
4268889753
4164303270
4162805563
4268003950
4262988863
4269475116
4169632278
4168681944
4261147304
4268774466
4163683517
4260699661
4163540297
4160232732
4161184993
4163527432
4162405031
4165184311
4262270782
4169935714
4161710094
4264608653
4263183992
4263727395
4169707465
4160190375
4162554601
4161101633
4265452692
4165732653
4164269659
4168138712
4268805071
4164265688
4168138731
4262361637
4265452941
4265922387
4163002227
4262464735
4269128764
4166933417
4162728953
4262119022
4260689623
4267279616
4165963274
4163109160
4162554681
4164997775
4264507686
4166000127
41688250
4168091389
4260403552
4169675002
4264507624
4268601963
4261824001
4162531911
4268047437
4164100238
4168034742
4265606635
41682040
4262485028
4161966879
4264605679
4263183953
4260309783
4160009146
4162631136
4167128292
4260304598
41688292
4161972356
4161097881
4268303663
4169632243
4266625180
4263746005
4267804750
41624566
4166011530
4260686777
4264608644
4164269621
4260220077
4261407768
4260195502
4263751700
4268305116
4268805090
4167868293
4264269075
4267695270
4161902660
4165090084
4168034711
4267743155
4260485166
4265053900
4260842829
4167689042
4165905161
4161079181
4263372869
4165184322
4269460288
4260006307
4169619814
4166344541
4162405096
4261808570
4164316466
4169692012
41682080
4260564834
4263461445
4161571290
4164055578
4160701272
4269461031
4262119011
4266654334
4260006346
4166271259
4167777911
4164661908
4261701661
4163512954
4265452634
4167203438
4264317481
4167393881
4267812803
4263110478
4260006370
4161079171
4167335249
4267636029
4267761086
4165106593
4265308923
4262609749
4265043277
4263779121
4268199707
4161184967
4161406700
4161039219
4161913204
4267695227
4169937245
4264519017
4165094774
4161097870
4263154729
4169675025
4166061990
4168306555
4265922382
4263713775
42621250
4161902608
4269549984
4267001992
4166052249
4261408115
4261897373
4263337578
4166000194
4261408177
4263495598
4263779142
4262170430
4167393806
41674923
4167393846
4162405032
4263877325
4263147591
4169407896
4264755388
4166770253
4168729597
4162708072
4263461460
4162592538
4169007905
4163600445
4160562406
4269798912
4168839574
4267743156
4161966891
4260876797
4267305397
4166338069
4163320326
4162531909
4166322444
4262328551
4262907639
4164362878
4266654378
4160075511
4169768780
4266907692
4263700940
4160329751
4266404363
4164055592
4263253423
4269239818
4263372893
4163607367
4161101623
4261897365
4268381600
4264755364
4162708012
4167163309
4164894495
4168681994
4160009193
4164609573
4261166668
4169707420
4267812805
4162627002
4162807832
4164269611
42688020
42637791
4260189983
4260485333
4269461026
4162627045
4266614881
4162805505
4267636009
4163870535
4162890937
4268601982
4264257802
4160466865
4160209491
4168179405
4261408180
4160466828
4161905497
4165094793
4265724941
4160508160
4160802429
4161184974
42682129
4162891296
4164750896
4162501760
4264832639
42621267
4264257867
4261701698
4260412545
4160802496
4164946605
4262684225
4268047432
4261235142
4169632209
4161039250
4165963246
4260415514
4168138701
4266889484
42641270
4163600476
4261408125
41674909
4262609732
4168091377
4162891291
41657633
4269070867
4268829969
4269070828
41649893
4267660144
4163208663
4163600485
4268774435
4269767714
4163701730
4167267206
4265059495
4263700937
4264377736
41621307
4264881894
4261824043
4269007083
4261897364
4264755322
4161092694
4262733198
4160508181
4161283820
4166578175
4165007418
41680913
4165709828
4264519053
4265340115
4167103661
4164750898
4261166664
4265452633
4164603098
4168535787
4269488421
4265724927
4269183114
4163866669
4266907607
4166226343
41690079
4163802721
4264317433
4168091369
4161966889
4262361619
4263461409
4262130811
4265206020
42604152
4165184328
4160475431
4266319819
4165007446
4165709860
4168508299
4165618117
4165902609
4164603001
4261897317
4160232739
4265043280
4163320342
4265927685
4161967511
4266487685
4260006345
4265372438
4260605482
4262988861
4264507645
4160803352
4263751718
4163802799
4164303265
4265043273
4163208648
4269070859
4262335126
4161571913
4169692082
4166064339
4169302160
4269239848
4269549945
4267403803
4262127702
4269794351
4169524000
4169103076
4160329730
4166064354
4266651853
4161406799
4162890920
4269007074
4168138797
4166624874
4164100251
4265606640
4269444797
4266406393
4162372231
4167393841
4168729524
4262907605
4263154796
4162627029
42651232
4265495355
4160607484
4165769444
41625929
4167230687
4260744350
4265340140
4268305132
4267882529
4163601379
4163701798
4162353411
4267275026
4262270716
4266686308
4263110448
4166624852
4168179448
4269751729
4163609863
4168218477
4167101630
4167167719
4161902665
4263779168
4167503233
4262106715
4164997772
4263304579
4261407710
4161967548
4162631117
4262335196
4169913763
4269751776
4165769467
4264207023
4166027280
4166578120
4262189384
4268829955
4267862597
4166203923
4167167765
4162861624
4265142095
4163601362
4166049768
4161821418
4264257839
4167943188
4160088443
4164055542
4161972326
4167230662
4168603924
4266319855
4260195525
4262189333
4269102488
4162891237
4266125074
4269325764
4165769449
4264749057
4262332525
4265753930
4166322475
4269102430
4269128705
4269475142
4260842801
4260152388
4169935766
4164721628
4264860247
4264608645
4260220036
4269133846
4161902693
4260509429
4260846039
4169913786
4264755374
4262127761
4261824061
4268253647
4267645153
4268601957
4260189947
4266319830
4164603016
4264300230
4264860291
4161913216
4162794451
4169645548
4261408102
41647024
4269741060
41624518
42634614
4162405018
4262566782
4264832663
4161966828
4261603242
4264749019
4169619826
4262106747
4166064301
4263154795
4166486474
4263700995
4166203995
4265123273
4161915141
4169707479
4260686783
4267001939
4263183931
4261808531
4162807849
4165618188
4162891263
4263727354
4167189118
4164946656
4161400888
4168535785
4262874784
4268805051
4260744327
4265753939
4260403507
4263110410
4168689347
4268392359
4260415515
4165094713
4262126939
4164316462
4263337555
4162805537
4166271275
4265532511
4161560813
4168716190
4260412517
4161900368
4268047444
4163866699
4265532501
4166706426
4268734411
4167518145
4166770292
4164907877
4262988891
4169524082
4162554644
4161900375
4263779105
4266406392
4269751704
4162501729
4164362869
4165608119
4163540284
42608126
4160309593
4269767767
4163607311
4263461478
4161571277
4162554693
4264207092
4265452944
4265206055
4265043255
4260485350
4263045528
4269549925
4260006391
4166787607
4163640520
4167230652
4261911894
4165732608
416245
4269775950
4163109115
4162705368
4269239847
4265034736
4160802418
4163109124
4263727398
4162876983
4164100299
4267804742
4160309528
4260686780
4161967521
4263346438
4162336494
4260433388
4264755314
4167518191
4165090045
4163600429
4260699653
4267645152
4261306623
4166770252
4162732573
4265034747
4165103719
4165094762
4263372859
4169007946
4260699675
4268003909
4268805077
4162429971
4167128250
4168544695
4269302199
4261306601
4165007470
4166027260
4166486428
4263304555
4261897366
4269488445
4269488441
4167400199
4162036220
4169768728
4164316472
4262733136
4265053951
4162890924
4164781397
4268253687
4265922364
4166052218
4264507608
4260309794
4267695267
4267275009
4167777973
4263495595
4260152355
42630452
4167203433
4260403548
4163601329
4160232775
4260423008
4161403577
4265495367
4265922312
4264755352
4167267244
4268066041
4260485300
4169786954
4263736812
4269549965
4168004417
4268303622
4269001861
4163600470
4167103668
4268253657
4162429910
4160888835
4161097843
4164721656
4263700957
4160829644
4164510602
4260152362
4167267217
4262157477
4161101634
4162592510
4168034768
4166049777
4264207076
4269461050
41627266
4264348265
4162861679
4269775921
42608111
4269475111
4166486493
4167335252
4162807842
4166064340
4166607720
4262509961
4168557156
4260605433
4166607750
4161092671
42682140
4264517399
42682104
4266487677
4166578125
4167101633
4265992060
4167689091
4166486494
4165618155
4260152366
4162372280
4267808368
4260605455
4265340177
4163320316
4164484081
4169619856
4262130809
4162501793
4263495285
4166271277
4162574073
4262332563
4164997746
4162143810
4169972110
4169707499
4262336129
4263346445
4163701747
4166624853
4264749069
4265927690
4262126987
4169103029
4268601979
4263877332
4164970701
4162728954
4262119086
4164100281
4268802043
4268047413
4160475406
4163609834
4265206025
4167189175
4260699624
4162574053
4265992027
4166011505
4162728928
4164269604
4163609874
4161101637
4160444366
4169935713
4260689616
4267279645
4261407701
4261808512
4260605447
4267862572
4264608665
4264832619
4260842896
4264269088
4166322441
4166746269
4167943114
4266614863
4263739841
4169637520
4267808369
4165106535
4161900360
4165106537
4164609529
4161560842
4260485354
4160075551
4263147598
4165963254
4165963295
4269070871
4160444328
4269007034
4164970727
4264881823
4167777919
4164303252
4262402007
4268392368
41649836
4166624877
4160829665
4164894403
4262339034
4263304553
4169805063
4162405033
4163095714
4165732633
4269444786
4163701737
4160562473
4264517307
4260842899
4268889720
4267743169
4263700993
4162531990
4164609520
4160607431
4163208652
4162861609
4169972174
41624055
4269284518
4264749079
4262373479
4266625117
4260433394
4269302193
4266406356
4265034795
4263750411
4169524094
4265059411
4268003978
4265594292
4262328571
4264164506
4165620354
4161972314
4163866670
4162891283
4163640515
4260615372
4267305379
4261306625
4168557128
4164510610
4269751769
4161560853
4263700948
4162531968
4262907673
4163901738
4262612566
4268066029
4263346452
4167163364
4163640521
4163683562
4167203449
4269444722
4168716120
4166166572
4262127763
4169707410
4169111649
4267882544
4160466830
4265992077
4167203426
4168716109
4166723686
4163870549
4165418318
4162670685
4168218411
4163770366
4269460281
4168306552
4264749025
4169768759
4169302130
4162429911
4260306569
4168508218
4263154760
4268829963
4260412531
41649849
4165394778
4167189131
4267202981
4267623104
4260564806
4166746220
4260220005
4162861699
4268199729
4268734469
4264507683
4262988893
4168004493
4265578240
4267623123
4268066048
4268889745
4164510652
4265957224
4163540290
4164726590
4263337510
4165094730
4163204117
4269183162
4169990367
4162372284
4167101611
4266625109
4266654311
4266907678
4263303230
4260842889
42642578
4263750491
4160701287
41649896
4264300222
4168681992
4160475466
4166723667
4167292399
4262509919
4167943136
41647029
4261897395
4163805962
4162627089
4260433396
4261701605
4260686710
4262509907
4265123268
4260433362
4162488136
4262612546
42692842
4165769494
4267808366
4262402019
4160088480
4263750406
42608428
4266614835
4265927625
4160701228
4263303244
4264806483
4265724953
4163601384
4164946696
4163802773
4269133842
4263372892
4161915163
426212
4260403577
4263750402
4168557177
4261701600
4162574045
4161571941
4168535702
4269741051
4166802794
4267623161
4161311752
4169990390
4261808516
4268108383
4265927656
4262676462
4265340107
4262328502
4268108301
4260006315
4162574007
4162408392
41647267
4168839533
4268392363
4267804767
4168544616
4260125045
4161184971
4161810997
4260403544
4164055552
4260832978
4166578180
4163770349
4167460014
4164518521
4163002214
4164362847
4269325795
4268601971
4167393818
4164603066
4264317483
42621226
4266676256
4265495391
4169990369
4163640557
4261701609
4169111639
4269794366
4265043292
4161967570
4264881810
4168557157
4267603376
4269775991
4269128745
4160444361
4265594200
4167777933
4269775937
4166770245
4167267271
4163601308
4167503262
4167503249
4268802047
4267202914
4269798927
4162353438
4162768427
4260842819
4269775935
4268072601
4265340178
4168681947
4169805065
4260832955
42679814
4267001927
4167689084
4262509956
4164661950
42667888
4166338043
4269007089
4264164512
4268381660
4162531933
4160654747
4165094716
4262336198
4262106786
4260744320
4265034799
4163002218
4262988837
4167777909
4262106706
4267636015
4160475479
4168034705
41649078
4169645506
4166011578
4265452605
4168508212
4166344533
4160829666
4265452676
4166226313
4160701210
4166793266
41696373
4166061928
4268066098
4164726546
4167460065
4165907390
4166723684
4161092602
4260744313
4269007044
4160607462
4269302192
4260876780
4160444394
4262106727
4269475107
4268381650
4165007496
4264755312
4169666657
4169675007
4160209456
4164688228
4269001863
4162247293
4264202083
4168729548
4169937257
4161913226
4260423020
4160209420
4262130884
41674988
4162891284
4264755301
41624555
4169619842
4268047460
4264269044
4163208662
4269239867
4164235274
4266328398
4265922354
4160701233
4166027206
4166011593
4163805901
4262988859
4166359989
4160329705
4168138723
4165769428
4265123277
4262485056
4269798953
4160309551
4164750840
4160206677
4164721668
4168535739
4164907810
4165618151
4163640547
4265053940
4168138755
4169786997
4168034714
4161915190
4164661911
4168034745
4166338006
4166049785
4166624803
4166486439
4265495360
4262402076
4260564863
4160701261
4164661947
4165769461
4261824080
4263700964
4167335269
4261601473
4262126953
4264806463
4169645574
4263700944
4162876967
4265992053
4166049771
4262402041
4169302133
4166000778
4263346466
4164609548
4166000120
4265034767
4260125063
4268381691
4264317454
4267862576
4169768782
41624008
4165620364
4269741022
4164997752
4161309488
4265071071
4164314105
4165418331
4269549914
4265753997
4163701746
4260842820
4167189172
4163540211
4265724948
4260415573
4269325705
4166203954
4168179442
41657098
4262339050
42679821
4163320338
4260403537
4264164537
4162554679
4165709808
42623326
4160232792
4269284556
4164303244
4166486404
4164781357
4264608684
4265206034
4263779192
4266328385
4268253659
4261601477
4169805062
4164750801
4169805047
4262733196
4166000140
4260403502
4166773977
4261166620
4163683510
4261147325
42618086
4262464766
4166770278
4265142093
4164518529
4166624863
4261147324
4269775989
4264832605
4168034767
4262270726
4263147568
4169619864
4165090053
4161092635
4262270741
4164103796
4161400873
4267305354
4166787665
4267660179
4267603381
4268805074
42667883
4268066052
4268829971
4164235271
4262328593
4264257836
4265071067
4166061978
4168138730
4262197843
4164688236
4168603918
4165106565
4163908991
4266651800
4163901763
4164316488
4260832985
4260309726
4262339031
4264832674
4167571427
41624577
4163802717
4163320377
4263045594
4166624875
4265578285
4161101685
4160444354
4263337567
4269704390
4166061974
4163901701
4162143851
4166793217
4267279664
42640055
4163870533
4160466802
4163640561
4265532524
4264832628
4160562445
4162508231
4263303299
4262197810
4268829904
4266907612
4161967590
4262919898
4263337508
4163527417
4262566796
4168306510
4263736849
4260615395
4164504265
4262361627
4262684269
4262402033
4264832600
4167178446
4269183137
4263147551
4164235224
4168716130
4168004449
41682014
4163923794
4160009177
4169768789
4164970742
4262919868
4168004401
4163802714
4161900308
4161967502
4164303233
4161810900
4265452995
4261235129
4162728991
4165905177
4264608632
4262733193
4168218437
4261911878
4268381698
4163208656
4265123231
4264207098
4163095750
4260846074
4267660192
4168557118
4162372215
4166344591
4269183161
4262126975
4165106530
4162768419
4162143868
4162794431
4165905148
4166226369
4164997777
4160309516
4269070818
4167203408
4266054946
4162143843
4166322497
4266404347
4266889442
4167335287
4264806436
4161710048
4162143836
41682081
4169302105
4268802031
4260846063
42641280
4260876726
4260832949
4269001842
4164303226
42642690
4263346432
4164265674
4167089447
4269565794
4266889420
4267743189
4161400882
4267743124
4264896381
4162768470
4267808343
4261911854
4266404388
4265053953
4266319885
4260842851
4267882515
4166624838
4167203469
4168306505
4162861664
4266125050
41636830
4262126991
4165769460
4267603332
4264164547
42641254
4168138742
4160088475
4161972384
4267636040
4266654356
4163540201
4263303239
4263495570
4168508217
41621301
4163901788
4260689669
4269751750
4165763546
4169103085
4166338028
4269284547
42603043
4266328363
4168603968
4262127764
4264519049
4161256423
4166770233
4264348239
4268253619
4167292349
4164894498
4161902650
41624032
4168179480
4167230663
4263110433
4267862593
4169524069
42641645
4160329752
4167335257
4269007092
4263253466
4167503268
4269767702
4261601445
4264860242
4167571423
4165007444
4166793294
4261147355
4261603215
4168091353
4261166607
4264506987
4165905138
4164894478
4167089429
4267761002
4164510621
4265753969
4167167722
4160088430
4261824093
4267761044
4169937264
4163109185
4267812871
4269704303
4167503288
4262127775
4166793228
42682112
42682128
4160802468
4262684252
4264881868
4265922334
4269460210
4163609831
4168603987
4263700929
4161710041
4166011515
4166723620
4264164544
4167167788
4264860253
4164518577
4260485334
4166052299
4165763548
4160206635
4163683538
4169990354
4268889765
4166624819
4262566770
4262907624
41688221
4167203402
42667843
4261235196
4168716192
4268066024
4165769443
4160309565
4164894422
4168716185
42676952
4164510656
4262684281
4263700987
4163607334
4262127704
4166203962
4265793956
4262127718
4264716631
4166052248
4164907843
4166607746
4267862560
4160654704
4166344546
4265724940
4160888898
4264806462
4163908939
4262106789
4169675046
4264507600
4161406794
4166770205
4168535786
4160888831
4269007013
4163204127
4263495569
4264608698
4261911836
4163770357
4167393857
4264005530
4169675063
4269007028
4162372202
4267403859
4266487614
4167460088
4264519050
4164314180
4269775912
4261147300
4163527481
4167571437
4169111602
4166061922
4265071019
4163512942
4161184906
4265372426
4265793916
4160508153
4267812864
41624534
4260309785
4261800992
4161311766
4262332535
4161092665
4160508196
4162336424
4264257805
4262335131
4269001813
4160607485
4167943147
4161930061
4262509923
4264202095
4268829910
41624594
4267305308
4269070803
4260415520
4163607316
4269741067
4265452903
4165607915
4168689389
4263461426
4262336157
4161406760
4165106524
4165608108
4162508253
4262988840
4269798996
4165418394
4169632231
4262197880
4166271257
4268392322
4164997785
4163802711
4164103724
4265532567
4169100641
4164721646
4160206616
4269488416
4164603003
4260152316
4168535703
4261824095
4163095707
4169407882
4169675087
4264608641
4166802795
4169637573
4262336127
4263346414
4164303245
4160009150
4269798919
4264257813
4161256434
4164750881
4268047488
4264207046
4263303272
4165763596
4163204161
4160475404
4261701638
4267279690
4169632253
4262874715
4260403551
4263779108
4266487690
4261701623
4264698475
4264377749
4167089474
41625319
4163770339
4265059476
4264860200
4167335209
4161406773
4167943183
4162554685
4268392317
4261306604
4168508236
4164750890
4165106505
4265696623
4262684295
42641249
4264755305
4166933415
4268003994
4260686730
4166338035
4264506976
4164484049
4264300269
4161905440
4265724944
4163527498
4263877341
4269102491
4166203931
4262127723
4261147308
4163923753
4165608124
4263668917
4166723624
4161079150
4164518540
4264517383
4261166624
4165732622
4161184903
4160508138
4267761082
4167503220
4166793206
4269284512
4166486496
4166061984
4266625149
4165769497
4261897390
4266651844
4167167782
4162336453
4264832614
4164970756
4266125043
4166226324
4167230640
4166770297
4263713735
4269549977
4265922362
4262339067
42682118
4161915171
4165607978
4166486481
4160444352
4167689053
42604125
4264269092
4267305329
4161821426
4164894418
4261764847
4268305168
4165394786
4263739812
4261911841
4260415556
4262270744
4169692038
4269239833
4263183968
4265696653
4162554629
4161900371
4161205176
4164055532
4260309799
4264698407
4261911866
4260485157
4267808370
4267305325
4268066092
4263700905
4160607481
4165184330
4161915147
4161101617
4263045515
4169805026
4268305109
4260744390
4164269617
4262919808
4163609886
4168689362
41688271
4268003915
4264749065
4164100284
4265992074
4269794315
4169645575
4164055553
4163866660
4160075509
4166746271
4262197853
4166166501
4264860278
4263183909
4164997724
4167777912
4165094720
4269733717
4264755371
4262464772
4260449932
4164316446
4263736885
4267305330
4269704361
4262485054
4166000749
4266404304
4164235289
4168716198
4167178404
4262130877
4160888866
4162807867
4263372833
4162554691
4161092615
4165902662
4165608163
4166359984
4263304575
4161905465
4262130879
4161596396
4162531921
4169407884
4269475185
4265495344
4260006395
4262127740
4161639544
4260744338
4169990379
4263147526
4163901731
4262189311
4161400804
4262328572
4265142081
4264896345
4161571999
4160508175
4263713756
4265142071
4164316442
4168668629
4168218473
4267660114
4169619812
4265452928
4161256432
4261407773
4167163374
4266328388
4169524056
4169768708
41649834
4167400171
4262609701
4162708015
4163095789
4163683572
4260449942
4265452651
41649823
4168179496
4161930011
4267882593
4161930005
42667823
4263253445
4261824072
4263495555
4165094739
4260605457
4162336423
4262127706
4162372242
4168557101
4267808353
41688222
4268066030
4263045546
4265753968
4160309503
4162429986
4167163388
42621893
4262127712
4269140337
4260846044
4160206601
4162574035
4266676250
4166933497
4269140350
4260615337
4161256428
4165769442
4260006342
4169768761
4269001840
4162732551
42667874
4263877353
4263700945
4167128280
4162574046
4161092663
4162488156
4268303675
42666251
4261808526
4269798949
4263005671
4168689327
4265992051
4166787672
4269070831
4164946690
4160562492
4263736824
4169692099
4260564874
4169007954
4165902628
4163600428
4268108334
4161900334
4266404350
4267623163
4161571250
4268889763
4266328383
4267279683
4264755350
4160009102
4263750438
4168004423
4268392392
4164603074
4166166570
4166723692
4269133866
4269794396
4267862524
4265594221
4167460076
4164894464
4262464711
4269461025
41625952
4266625138
4263713783
4166027228
4264164535
4263877367
4162670610
4266487683
4163683564
4268108305
4263147567
4164970759
41628051
42667846
42608197
4267001941
4269475108
4162728933
4267279689
4163770332
4262402013
4163866637
4269239875
4169111665
4263751797
4165103754
4265495337
4267279624
4160508133
4160309557
42666518
4261764821
4167689001
4263154740
4167400186
4264698466
4165905199
4267761037
4162488146
4164504204
4263736821
4264207083
4166061952
4264300241
4162531960
4164781378
4262339027
4260876728
42621297
4164316465
4166203973
4165607911
4162708003
4263005661
4161560821
4260220061
4260189913
4269140333
4260449961
4260615382
41682089
4262874762
4264755398
4262485012
4169619889
4163908956
4265123215
4163095781
41624054
4167292321
4265753957
4165905189
4166049743
4166011545
4167103690
4265142075
4162554635
4168729554
4262684207
4269102437
4164103763
41649855
4260306512
4160232783
4164235233
4265578255
4169103049
4269751787
4263877310
4267660161
4164484061
4267636022
4168603969
4260686765
4160209405
4167868207
4264300233
4265452617
41627227
4160190320
4166773924
4165769418
4260485340
4269767729
4163770379
4162408348
4265927651
4161039257
4165902675
4267862592
4260152308
4267804771
4166203906
4262332536
4161571996
4165929559
4260189989
4266054932
4267808342
4260195569
4269794308
4266404389
4260423059
4264517356
4163802729
4268889782
4163002216
4265123205
4267636060
4263304573
4167101688
4263700930
4168138789
4264749030
4269549999
4268305148
4162554699
41649806
4160475480
4166624818
4263877357
4168716163
4266651872
4162574036
4264517374
4268303629
4162592599
4162353483
4268829973
4162891217
4264207051
4165618163
4262373482
4265594234
4264881848
4169637532
4168689302
4266054949
4166773950
4167230630
4164726517
4265308985
4264377724
4163701785
4163204199
4263727392
4163320300
4167101602
4168004459
4264257846
4268253612
4262110564
4262339051
4168508250
4162705371
4167167702
4162794428
4261601407
4166746236
4164100286
4262106753
4161900341
4161403546
4162768417
4160088459
4269549930
4167292330
4169111657
4160009117
4269183183
4268829999
4161571917
4169707423
4166933422
4260309770
4169645541
4163609865
4266625125
4169937268
4164103737
4166203998
4166027240
4160607442
4266625156
4267001928
4160803300
4161902614
4167163311
4268305145
4162592533
4169100637
4269475156
4269798922
4267761072
4168716199
4164314139
4169111624
4165394792
4267202928
4166049715
4265123262
4266125048
4169786935
4165905191
4269475122
4160701217
4160075541
4163770362
4263110405
4169632284
4263668955
4167178498
41647065
4161184969
4168729530
4164997725
4261166662
4169937275
4166338094
4267761011
4162705356
4168668625
4262332514
4165103713
4263045557
4267660136
4163802708
4166486483
4264881886
4263337569
4260423042
41621335
41674946
4160009162
4262170419
4168306562
4262464792
4169103017
4160701229
4164510673
4267743105
4263495228
41683065
4169692066
42608146
4262361696
4260189981
4160009127
4160829600
4160329741
4167103611
4164750811
4265043206
41627219
4161092674
4162574003
4162247282
4168535737
4168716110
41649808
4269767790
4265340118
4263668987
4166933439
4268774446
4168557155
4262361654
4269325783
4266686333
4162592500
4263346490
4260832926
4263045517
4260846066
4265059401
4264005556
4265071015
4166338063
4163002213
4160009130
4262110597
4164721685
4263303279
4260509415
4162429976
4265206050
4168716102
4162574091
4266328349
4263750485
4162861632
4266406301
4262609759
4267882531
4265123271
4269239841
4262684213
4269183176
4262509972
4162876960
4163527403
4265308936
4168689311
4163908983
4264749048
4163640508
4266654312
4266406330
4162890956
4267305322
4266676275
4260304590
4263337509
4262270780
4264698495
4164781325
4164510609
4161913286
4162807864
4262130855
4264517320
4264507616
4160444334
4264896319
4263304517
4166000190
4264202078
4260615374
4265753916
4162627037
4264832613
41621397
4267660189
4264517397
4263727344
4265753945
4162004515
4265927640
4264608676
4263877369
4262373405
4169111640
4163770325
4262566729
4162036240
4263736842
4269007061
4260403545
4263668938
41624575
4269488472
4260006311
4265034764
4169675004
4262106750
4265452674
4260615312
4166027292
4269488494
4269775946
4161821497
42621209
4163805963
4162631159
4263736832
4165106529
4161560815
4264269073
4264317497
4160888836
4263461452
4260415567
4262170409
4268889709
4169103071
4163320343
4160508118
4163320352
4168681970
4263727309
4260485321
4162805524
4267812869
4165769433
42679869
4260189903
4260605480
4267603337
4265340116
4165184394
4166933464
4161079108
4169768749
4163701736
4167103672
4263746027
4160803326
4163109127
4262612562
4269444754
4164504270
4165394726
4166338061
4162429949
4263736893
4262509940
4267743179
4161406766
4165905116
4261764893
4162732532
4260509457
4164603084
4264519034
4269239845
4166770235
4263147538
4161079137
42682101
4260423030
4161184978
4269239855
4165618132
4264377714
4164750841
4263147506
4267882560
42641286
41647044
4161810913
4169990340
4162353492
4267862564
4166770207
4161902628
4260564862
4264348215
4160802464
4168839513
4160803389
4262170480
4167230633
4162592565
4262127797
4262157425
4263700960
4167400161
4161915106
4166027202
4269302157
4267645168
4164235235
4267660153
4161283883
4268108360
4267279611
4161972334
4166064332
4268829908
4269183189
4160829667
4260152332
4266614852
42667838
4164518590
42678828
4168138706
4161966867
4162036267
4163512965
4263337518
4260509414
4163320382
416498
42641288
4162627050
4166359936
4169407843
4166216825
4163805929
4267882527
4260306511
4262170443
4168091329
4169972101
4166933441
4260485147
4262733128
4165618146
4163701745
4263751738
4167868213
4269001845
42625099
4169692083
4260689607
4265793917
4269794344
4166052296
4162705312
4260403532
4168091364
4162670618
4260744301
4169007938
4166359931
4264269048
4260449988
4268774469
4161400823
4161406711
4169637542
4269140301
4161101675
4263723645
4265793935
4162592562
4163701789
42679802
4262684208
4160701283
4263495544
4162627013
4264202076
4165929505
4265308964
4166706475
4163540289
4262874790
4266319828
4166052283
42641274
4264749012
4164269655
4162531949
4164103781
4160803347
4163512940
4261601425
4262336193
4268829937
4264832649
4166338029
4261407771
4161039256
4265594233
4268305175
42606996
4161596325
4264207078
4161403523
4162728912
4263750425
4160475448
4269102479
41674920
41674944
4165184345
42603065
4160562467
4168218479
4166578116
4263372834
4168681953
4264519096
4269284519
4264507671
4264164536
4262919826
4263346409
4165418314
4167777937
4269741071
4263372888
4263751794
4266614884
4263304599
4161097862
4269239897
4166344593
4163208671
4262907612
4264608686
42608117
4265957210
4261601439
4261911870
4169937228
4269284598
4265071095
4267804782
4268047427
4268889792
4263713706
4163805977
4263727334
4265696699
4167689003
4166359904
4265696647
4166933482
4262874707
4265452983
4264207060
4260485132
4160829688
4269775945
4167335278
4260485195
4164484051
4264317452
4166746217
4267743121
4168729536
4264005563
4167571472
4164518594
4269565781
4263253478
4166723615
4166000703
4169675090
4261306694
4269239836
4267279699
4264755386
4161967595
4165902654
4167128232
4267202939
4165732693
4269794382
4160075539
4161101627
4263183999
4263372856
4164316454
4267862538
4269239865
4169103050
4269070823
4261897337
4266907632
42682131
4162768496
4165607904
4166011517
4167292305
4263110416
4160088413
4169768751
4260876723
4266487647
4262919824
4264005538
4266406364
4262676418
4162631148
4266487665
4167089473
4262907674
4263668919
4169935769
4265059409
41619300
4265452936
4169675000
4160190342
4161902664
4166052235
4262328595
4165184375
4267275042
4261407722
4265452988
4161205177
4162670693
4163527482
4161400898
4160209424
4163802791
4263668997
4160654738
4260433395
4262464731
4161571998
4168689363
4261601479
4161400857
4161311704
4262612511
4167689013
4164484084
4269741080
4166706463
4163527429
4260485176
4262684296
4269444790
4162353413
4262402025
4262874751
4262157469
4160562429
4260842814
4167203419
4162353459
4260449995
4169007999
4263005629
42633377
4262566724
4166746255
4269751771
4163701783
4260689628
41674961
4162554680
4166787689
4262402008
4166061951
4263750441
4167943185
4162728949
4261147318
4267275037
42641294
4163866600
4163866629
4269001809
4269461002
4161184947
4263495218
4162768478
4166344565
4168544644
4269102464
4265578245
4164750838
4260686786
4164235213
4267660107
4261408157
4265043244
4164518525
4164997721
4269488477
4168508279
4164603085
4265071038
4160190384
4263304521
4166793273
4163109187
4161560826
4263005637
4163512932
4269183151
4167571404
4162488154
41674904
4166607754
4164661990
4162405059
4169302101
4169103012
4269007014
4169707450
4163204121
4269733740
4264257829
4168668691
4168218419
416242
4263346472
4269183132
4265992071
4266614898
4166624833
4161092691
4160562439
4165902631
4262126923
4264269006
4167689034
42623361
4268108354
4162036278
4265034741
4162592513
4169619815
4166793205
4161039283
4169675012
4161972376
4167178487
4263303268
4163204188
4165090093
4262676450
4167101603
41624065
4260006384
4260564843
4163866632
42641260
4267862500
4260689634
4167167700
4167267251
4164688209
4167103624
4263739822
4266319847
4166607799
4169100609
4162890945
4268734464
4166203941
4164055559
4165394779
4163607326
4264257895
4260485114
4269070816
4168668687
4267275056
4262676436
4163208609
4167503200
4269733776
4264164562
4260309778
4266651873
4262566708
4169407808
4169675014
4160562496
4160888804
4164781318
4268066003
4264348281
4166271204
4163866657
4261408139
4169619818
4161400865
4165963216
4164055520
4262676493
4166011500
4264608661
4169407839
42604037
4166773901
4267603397
4169524080
4265043204
4269070864
4160088401
4260152392
4269461059
4268392306
4262612570
4169692016
4268199735
4164894490
4162708027
4161905482
4160701243
4165953316
4166166540
4169666666
4263668995
4260449906
4264257841
41627274
4163109111
4166773909
4269794325
4167518186
4164750857
41627261
4263713719
4167101676
4160088489
4269733784
4165902678
4262126988
4163866662
4267660162
4166052270
4164688246
4163512998
4161905438
4161039226
4167128233
4263372811
4162805533
4267636057
4162336447
4161283870
4167518136
4266487688
41691116
4162429919
4264716652
4269133886
4262336183
4269741037
4263779106
4160803314
4165418370
42604158
42682168
41646093
4169007910
4166049739
4263495286
4169935759
4269775982
4163607340
4167103651
4262189388
4260485165
4262339088
4262189320
41627207
4164726503
4260485112
4160829660
41696750
4161915117
4268003911
4268829924
4266404303
4264749084
4164100227
4265922325
4169645554
4162531955
4265206004
4266686364
4167128285
4166049795
4269183171
4268253673
4161184932
4265495334
4263045536
4265452981
4265372401
4269549942
4260220025
4267645111
42621221
4166793249
4167163335
4168681968
4264317461
4164235223
4269751708
4169707415
4268381688
4166787609
4263303234
4265340181
4164100216
4163512969
42618083
4165090004
4160803372
4265452602
4264506930
4161821404
4166271240
4265594283
4166061944
4168535742
4260832975
4162705364
4160190349
41647051
4169111653
4165907311
4260485326
4167189178
4160829633
4160190348
4166064376
4264755315
4264269055
4265053999
4265793937
4167089435
4167189105
4168004484
4265452905
4164269680
4262126911
4267202993
4161571984
41624074
4165007421
4263495270
4268253695
4266406323
4262361617
4165953339
4267279674
4164688267
4162408324
4268003986
41688220
41620042
41687292
4260876768
4169990395
41625946
4165929548
4266654399
4161560830
4261808533
4161915137
4164688279
4262609795
4262127773
4164269616
4264005513
4167777985
4165607902
4169111691
4167089476
4167163368
4262402023
4262106743
4261808574
4169937247
4261408199
4163095711
4165709815
4166226392
4161596330
4265142019
4265452993
4169100659
4164316497
4263461498
4267882516
4260220085
4266404342
4264881809
4261800973
4161913274
4169805096
41625973
4165418365
4166322428
4169675030
4161256481
4162891295
4261808535
4262373477
4264202007
4263779189
4269733732
4268829962
4162247260
4166216887
4169619886
4269140342
4262919870
4264506947
4161097809
4269751725
4262126972
41621325
4168034732
4260686719
4166011590
4160444384
4161821475
4260306593
4269133801
4164314192
42623329
4161972347
4262270793
4169805007
4162143885
4269140374
4160088403
4265340184
4165963221
4265308925
4261408198
4262127717
4263736823
4164997734
4167571486
4164510614
4162705347
4269798993
4163908901
4267636050
4166607713
4162732507
4265452698
4267279639
4168535790
4165608196
4269704337
4263110421
4161283838
4165620339
4161571924
4263736829
4263110464
4162876993
4260686739
4267403857
4162429915
4260006376
4161101608
4260876757
4163770382
4166000114
4262127781
4267623119
4262335187
4167267270
4260220035
4261407745
4164661963
4169632208
42682139
4162372289
4269302185
4265594276
4163527419
4269751765
4164055550
4160329767
4160232789
4260195563
4261147354
42642070
4262130895
4168535753
4168034712
4264164594
4161571257
4262110569
4161900385
4169302177
4169707452
4168603972
4160209446
4169913712
4267305359
4162143866
4166802720
4261764892
4266676239
4160009185
4267403828
4268253651
4167571477
4167292318
4169524053
4166802797
4167943189
4164314115
4163805953
4161101651
4265724914
4268199782
4262110596
4162554661
4260605459
4161256474
4266654372
4160701278
4169935718
4266676280
4267603315
4268829905
4162670641
4262119062
4162408349
4163609847
42623616
4161097886
4262373440
4161560836
4165007415
4269302128
4263746071
4268003914
4165902640
4263700914
4264317431
4262332552
4168668624
4165007426
4160466866
4266676292
4269444707
4166271255
4168689322
4267279687
4169692006
4269444783
4167163332
4269488499
4163320340
4168138708
4264269095
4167178431
42667873
4164504208
42679829
4267603305
4161571980
42603042
4163640534
4269461043
41627684
4265992052
4163701792
4267202921
4166770200
4167503240
4163866654
4162805552
4260564805
4269704378
4162705341
4161205140
4263727314
4163683513
4164303256
4265606617
4166770294
4164314183
4164661953
4160444310
4162794477
4163805986
4265696642
4161205165
4166486409
4166773999
42667839
42604151
4260309796
4267804735
4268802073
4262684259
4266686353
4266614800
41621354
4162408355
4160466896
4263495504
4168535738
4267695254
4161101636
4164316457
4167103645
4263877383
4265372427
4263727370
4165007445
4264896351
4160888805
4166338046
4263495553
4265142027
4269741039
4162890973
4267623127
4267623169
4262332556
4266889403
4161905431
4263495225
41621372
41627208
4260509400
4265578287
4164265662
4165902699
4167203459
4261235103
4266319869
4264881830
4162429947
4162768475
4163600434
4268003927
4163320398
4164688264
4265793990
4266614811
4262566725
4263727326
4164997764
4163609879
4166203977
4267603383
4162631193
4269133833
4262127792
4266907629
4267862557
4263700997
4261911852
4161915104
4260403572
4268802018
4167189195
4263750435
4268047405
4166486438
4165907387
4165103717
4260304502
4166723694
4168729508
4262126993
4269794397
4264300263
4161403563
4266319807
4166802774
4268601939
4160009137
42604499
4164726505
4269183149
4168218420
4261911889
41624097
4266319809
4269128793
4269704302
4161039299
4164314124
4267743174
4169407844
4262157429
4265922348
4267275024
4161966884
4265059464
41627277
4160607479
4169935754
4163601371
4261911864
4168681955
4262874732
4262485074
41621303
4164362820
4265992012
4169937283
4265606604
4165607975
4168603942
4160829604
4260744392
41624525
4260605413
4265043282
4161256410
4162574031
41688245
4167267250
4263668925
4163640592
4264506992
4260189911
4269102412
4167089404
4165418390
4162592541
4261701602
4160802432
4267761094
4267202910
4161403532
4269733769
4263045593
4261897338
4167101692
4161821445
4160802478
4269704371
4165907389
4266319875
4269565734
4269488480
4162670647
4269475123
4160802422
4163540262
4264605639
4261701612
4162004527
4264257828
4260485126
4160009175
4260686746
4260423044
4260195573
4163866612
4260485323
4263495281
4263495230
4161079131
4162429994
4163866694
4162405006
4165963237
42626120
4169913775
4269325793
4163540248
4265957248
4164484001
4164997704
4261601456
42682142
4163805949
4264164560
4166359981
4169632224
42631472
4265142092
4262361649
4268253608
4264896366
4264348296
41649850
4164103776
4265372467
4262106712
4265578278
4269183138
4261808577
4260699630
4263005631
4168557120
4264517386
4165953345
4166011525
4162670632
4265372422
4169103090
4166027224
4264698498
4161902613
4262127721
4166773913
4161039222
4166271282
4163609866
41688287
4265452621
4167267282
4264517301
4163683522
4167335251
4161571263
4267603389
4164316468
4160803366
4165608167
4162728915
4166322437
4268108312
4168091323
4267305368
4265992061
4169619801
4269460285
4161092689
4163701752
4260189941
4161311756
4166486449
4166049731
4266054955
4169103007
4161283876
4166338027
41638701
4167178403
4268802053
4165607996
4260006380
4162891207
4262332540
4163701760
4264749067
4167460074
4265696651
4268829956
4168091347
4164609560
4166203935
4260006387
4262110527
4169100662
4268889789
4264257899
4169645577
4262197849
4160329719
4161039224
4162143875
4164609525
4268601932
4265495382
4264755393
4161309463
4163908948
4161902671
4162488135
4169524018
4261166659
4160701294
4167089484
4166271247
4262684294
4164750863
4160466840
4160829623
4269001899
4165184313
4265495301
4260403541
4265793969
4269284562
4161810912
4264507604
4265123251
4161972377
4269133857
4261166691
4169937280
4164510634
42641261
4169103064
4167167731
4161972308
4163609854
4164303254
4162143883
4265495314
4162036229
4161596320
4265059418
4166793270
4161900320
4166049786
4160508131
4261824023
4162036201
4165709805
4164504297
4265372479
4165007462
4267812827
4264005595
4162405020
41647086
4164303286
41600756
4260309720
4268003931
4160009165
4265053987
4161596305
4166011597
4167393880
4263303261
4269767735
4264348211
4169407835
4269767793
4161913298
4166607775
4164510651
41649812
4263110477
4160075519
4169645513
4265034777
4162861675
4268303677
41624009
4169935716
4166052219
4161821431
4262485088
4165184320
4262612555
4262464767
4166216831
4162705322
4264755357
4168218441
4260309784
4269284521
41647005
4164946659
4266406372
4268199761
4166338073
4260304542
4267761064
4160475428
4267275016
4167167701
4265927601
4267743165
4263751759
4167103618
4164661970
4168179499
4260423091
4164316434
4167503216
4168668650
4166061936
4168544627
4163208607
4168839565
4263713791
4160475429
41621394
4160009174
41624087
4167128238
4265606636
4166770232
4262402045
4163208629
4164518593
41659292
4262339007
42621237
4169937292
4166624871
4268047407
4262170415
4160888892
4169935783
4168603933
4260686703
4163512939
4160803387
4160562404
4267001937
4164362891
4166933450
4162004555
4267743195
4263700934
4262328541
4260449918
4167518157
4166064324
4163208684
4162805573
4264806443
4167868290
4266676291
4269461022
4263110475
4164997771
4263110465
4162876936
4260195590
4265340134
4262373411
4265071097
4167089403
4160654717
4164103799
4165732656
4263461457
4165418376
4264698415
4163923769
4168179484
4269070886
4261601462
41674966
4166706455
4266054938
4266125024
4267660117
4260189973
4162631168
4262919860
4160009144
4268305182
4269565795
4161039296
4269007067
4165090002
4268734474
4163607363
4261897350
4160701276
4265340113
4160209485
4165732671
4268108381
4266125083
4163204185
41638027
41643141
4263700931
4161821496
4269488449
4262402056
4168091359
4167230639
4263739838
4267660148
4266686399
4167571445
4165902676
4264317430
4166271291
4266614876
4268199728
4165103708
4267279675
4264716602
4269302141
4260615316
4264806410
42621275
4261764851
4166773917
4264608638
4268381635
4262464797
41627288
4262119093
4167571433
4163609830
4268774498
4264300282
4165094767
4268381628
4161905475
4165709847
4167178418
4267812802
4162768409
4166203922
4167189170
4163095799
4162861633
4260509453
4262509920
4161810909
4168716172
4166607714
4162574097
41624567
4160206629
4261800948
4168544653
4265452939
4167460098
41621369
4162036238
4164997792
4267882550
4168218455
4166000105
4262676404
4162794420
4267636051
4264896343
4164484000
4169786915
4167167715
4166203960
4263147521
4168138769
4262336141
42607443
4269133814
4162627066
4160654765
4262373449
4268392331
4161311706
4162861696
4262485045
4166746205
4269733710
4168544608
4169619883
4164269668
41625949
4168218451
4262733101
4266054963
4265340110
4262485014
4165905144
4264517344
4267001930
4263750440
4260842868
4260415509
4167128220
4165094742
4165763578
4163908968
4163908974
4262874769
4163805979
4162429993
4168681933
4162891204
4166624827
4265922342
4268381646
4266651863
41688299
4262733138
4161097820
4162429925
4168004485
4266654363
4264749080
4168544614
4261897308
4269794389
4163901717
4162488159
4264716649
4263005655
4160190336
4266686347
4169666676
4167503246
4166061907
4160475488
4169692079
4266625120
4168179477
4269775929
41688278
4168138725
4163002207
4265206099
4261800969
4269798979
4260152357
4263750496
4169707419
4265308960
4262126935
4266686370
4164100201
4167571462
4268066076
4263739802
42667862
4164894491
4162574090
4167335214
4268303665
4269239857
4266676206
4265071082
4161039207
4265922336
4265724951
4262119075
4161972359
4262566775
4264716630
4260125002
4161400836
4166203982
4263147555
4167400149
4262485025
4166802726
4168729540
4163805956
4267623190
4167292356
4161309421
4161400863
4169935785
4165184350
4166338062
4165607942
4267275015
4264749026
4169637511
4265495345
4169786968
4165907314
4267695273
4263147572
4162627040
4162807841
4268802029
4163640559
4166787610
4268601985
4260832974
41674919
4168091350
4166049718
4261408112
4167460018
4262270737
4264517306
4163805960
4262733132
4262361686
4160508108
4165763539
4261306617
4162807894
4266676294
4268305190
4160654752
4264348213
4262509995
4261764898
4263495227
4269775998
4264519016
4161079170
4267279659
4263751737
4265922310
4265452911
4163901713
4262373443
4262919859
4164609503
4162728990
4264164592
4166226387
4168716138
4263739892
4260846005
4268774483
4267275017
4167943164
4266907615
4164055576
4163770367
4165905135
4260152391
4264519015
4167393899
4268889733
4160701220
4262373474
4268047402
4161184994
4165090047
4163600415
4165184307
4164269650
4261407791
4269102459
4269128739
4161639518
4162508269
4160206609
4265927659
4268734433
4164518552
4163540261
4166216894
4263713765
4166203921
4263736815
4262988841
4264164595
4265922320
4165732607
4264881829
4162554659
4264806408
4265123225
4266328380
4267305373
4163923718
4260433302
4262335180
4163002220
4164946623
4165103783
4267660138
4168004403
4161972325
4169692023
4161915126
4262988870
4162501730
4269549937
4262988862
41688297
4160206673
4167163344
4264605693
4163802739
4168138710
4164103702
4161184981
4260876743
4165902674
4161930059
4163770356
4167101691
4260485332
4265452614
4266319815
4262170439
4163208676
4165769463
4265340161
4169935727
4169972108
42682146
4262335179
4162805578
4267761098
4266054967
4265922321
4269488400
4169805010
4168839514
4161596388
4265992034
4266328322
4269102429
4265957292
4268003967
4166049763
4162574020
4163805966
4162876961
4168603912
4268392395
4169007977
4169805050
4261166648
42604129
4161079107
4165007452
4267882530
4264377797
4269128794
4262335160
41627269
4268047452
4267403818
4167103693
4264377767
4161810961
4260686722
4166770240
4161915127
4268381664
4160654735
4261808549
4163866601
4166933412
4260449928
41647031
4265059475
4269460207
4166344568
4265452666
4164235270
41671891
4162501762
4266125072
4160206613
4166271286
42601957
4164316402
4263154712
4269798989
4266625175
4264698467
4261824013
4264716682
4161596348
42621274
4263346453
4262126959
4266406347
4264317439
4167128283
4268774465
4167868218
4263346450
4162631178
4168716187
4162508220
4160190305
4167128244
4268108348
4269767730
4262919875
4260846053
4262130878
4267305374
4267603355
4269565798
4167503287
4268108336
4263668944
4269475101
4163601300
4167571405
4261701617
41625956
4262126956
4160607487
4163901705
4264257807
4269475180
4266404316
4265123261
4264716656
4264608671
4168508213
4161639555
4165953310
4168716132
4261701674
4161101689
4168681962
4260842862
4162574089
4162794432
4260306559
4162876975
4168508285
4266625150
4266406371
4266404380
4163609873
41682036
4263346455
4262336111
4165929570
4160190391
4163901781
4160232799
4167189183
4265696655
4268392301
4265340128
4160329757
4164781305
4165953335
4166011538
4166793245
4160888850
4165394737
4265142089
4265594265
4260195548
4263154786
4268253666
4163770313
4262612548
4161097806
4167777954
4263303247
4162554652
4262157453
4265594245
4161810990
4262157416
4163607371
4269733771
4166359934
4168603948
4263739870
4169007939
4267403836
4260304563
4260605468
4262332557
4164314133
4263110486
4166793299
4269751756
4263700912
42641239
4260125066
4263337561
4165620342
4269070893
4268802070
4167777908
4160075596
4160232734
4263495549
4162429926
4264755320
4164518542
41640551
42661250
4264698414
4167178459
4267882525
4264605692
4162807827
4167178414
4267882517
41604668
4160829663
4261166660
4160088402
4161710069
4262126926
4263751742
4166052292
4162488128
4263495295
4269461049
4266614897
4269488471
4269751767
4161205102
41625963
4262373409
4162708092
4265340160
4263727346
4264005579
4162631126
4163770389
4167203420
4269140336
4165394733
4161571214
4164688227
4161101609
4263372863
42623325
4263303251
4262609704
4264860231
4262566722
4163908916
4160209495
4262373422
4265495354
4166064304
4263700962
4163866624
4264716600
4264896378
4263372837
4262361610
4165608131
4165608138
4268253667
4262676406
4265957256
4266125091
41649807
4268072627
4165106526
4261306674
4163512992
4165103765
42697410
4269133853
4164504281
4164603034
4163607386
4263461479
4168668698
4263746081
4265495395
4269794386
4264377782
4164603088
4268889748
4167167706
4265452929
4260876781
4160088404
4160829638
4169675066
4163600488
4164235299
4261603231
4261808534
4160309515
4260189936
4263303240
4269549955
4269140316
4260006322
4163701714
4267305369
4264202014
4164970764
4161184966
4167503282
4169407888
4262110551
4260433337
4269007072
4263304596
4165607935
4260309752
4264517378
4262733123
4164688252
4267804728
4162353482
4163805968
4260509411
4163512946
4168689360
4162143877
41625954
4265753932
4263045556
4167189110
4160309500
4268108371
4268003944
4262612505
4162336486
4263723640
4165103735
4165620331
4161039252
4161571962
4262189302
4163683520
4168689388
4263461462
4161639549
4166746243
4162247232
41674989
4264517357
4167689071
41625972
4161097873
4268829970
4166027257
4262332551
4162429963
4263337551
4264164578
4166011553
4267761034
4263668916
4260433340
4161905430
4161101670
4165094756
41630022
4260846093
4269102415
4161905480
4162488139
4267812861
4167503279
41624003
4169645507
4168839598
4162405016
4162247250
4262106773
4165418332
4160701214
4169692093
4162247201
4167178410
4263495578
4168535763
4167571413
4160466875
4163601354
4264806422
4164688224
4267761053
4263110434
4163802733
4262106724
4163908988
4263461456
4263751763
4167868292
4260403555
4161309469
4260564896
4262106721
4162336476
4262464718
4265452657
4165618170
4268381692
4266686319
4267804708
4166933410
4166052208
4163208659
4267623102
4161902694
4163002217
4163109121
4161309424
4262328523
4162807815
4164362881
4163923712
4169632213
4160444397
4265992020
4165184368
4261306686
4161967599
4163540265
4162876940
4263750414
4166166599
41683068
4165905195
4164907859
4266889479
4260306503
4264860279
41638704
4265043298
4166802744
4163770384
4169972103
4263253400
4166000722
4268392375
4160190328
4160802411
4165007409
42601523
4162705345
4263461406
4261166678
4162807881
4168535774
4162554690
4169007995
4265071090
4261306656
4161972391
4167503280
4169007951
4162631176
4262988875
42621235
4169302110
4267202929
42612351
4267623128
4267001909
4169937236
4262733185
4167267296
4164484088
4163600471
42621204
4160466816
4165103710
4262119076
4264860292
4162508223
4260309703
4264164541
4263739860
4169637594
4263495267
4167292311
4163901768
4162794421
4268734445
4160206600
4165620391
4162708077
4161571278
4269549911
4165907336
4166802750
41624561
4168729566
4262373439
4163901798
4260846036
4167400148
4265753934
4162807825
4262189374
4266686309
4166061949
4269302160
4169786912
4161039216
4268734421
4165418372
4267808395
4265034775
4160475439
4262464776
41636098
4165763559
4263750460
4264348232
4168179467
4269183166
4163109117
4167163347
4162004537
4263668943
4161184954
4268802068
4162876915
4263495572
4163805945
4261166636
4168306578
4264698402
4267623124
4165929519
4164518561
4269239882
4168091326
41600755
4266328389
4164100288
4266676267
4265495322
4164726504
4260485327
42621281
4161913251
4269102477
4260125060
4268072618
4265340196
4167518163
4269741035
4260449999
4168034757
4262609714
4268774415
4169632228
4165394745
4260605403
4161710039
4268199770
4161905408
4161205179
4268774418
4163095782
4269794372
4260220043
4264348233
4268199719
4263303281
4169692065
4263253407
41667236
4169407899
4167335288
4261603293
4162408307
4260846002
4169632210
4264519027
4161184951
4164314134
41624599
4264348277
4262907642
4165709849
4168508211
4262373436
4265696606
4160444373
4263739861
4266889416
4269775904
42621105
4160803365
4266404394
4167103681
42621109
4268734473
4163802789
4262373478
4161810918
4260876719
4161097827
4268392316
4265059478
4269751709
4161810925
4166359996
4268199778
4168544626
4269775968
4260485352
4161810924
4260403539
4160209400
4165608165
4161639561
4165763516
4169100618
41610791
4169007997
4166624888
4268774440
4169524021
4162794463
4161400803
4269302179
4163095766
4264164520
4269704397
4264716612
4163600431
4264519041
4269007020
42621242
4264005555
4161092699
4163802730
4168603901
4264517396
4266125006
4161905434
4169645594
4164235207
4166793279
4163607378
4264860288
4260306518
4166027268
4263495564
4162876956
4268381661
4161821428
4162670682
4264317468
4266125073
4264605608
4261824041
4262919854
4262197871
4265206076
4164907828
4163609862
4265071057
4260509486
4161403548
4160888849
4262126920
4267603348
4164907880
4169007935
4269284599
4266406318
4262402004
4165907393
42679873
4268829911
4268774493
4263154724
4167203434
4162592554
4266487603
4268108359
4261408182
4265532516
4168544630
4268601946
41624512
4269302182
4264300299
4166344508
4165769454
4169935762
4264506904
4266319895
4161930097
4260195537
4168603943
4260485187
4166746257
4166770213
4262509927
4269549912
4162807835
4269133821
4162531948
4265071046
4265927636
41674948
4164750849
4269704350
4265071001
4262157492
4162501753
42641219
4265059463
4263495284
4161967564
4262130825
4163805928
4165963207
4264832635
4161821450
41624066
4164235291
4269704382
4164603033
4164314118
4267305382
4163640579
4260306520
4169100690
4267403868
4260846009
4269302120
4165905172
4163908944
4262335115
4166706498
4264605655
4164907890
4268734461
4261603203
4261408183
4163095744
4163901737
42641291
4163607336
4168681938
4164362849
4269767727
4163607335
4168729547
41688205
4265452642
41688211
4166226367
4163908971
4261701684
4269794367
4167189127
4265922314
4160829668
4260846075
4168603961
4267812837
4167167708
4161905446
4260846051
4162891286
4269794352
4163802724
4269102467
4163901782
4260485141
4261701619
4262988890
4269775913
4162508276
4262119060
4162405030
4167203414
4166770208
4260304556
4263005621
4163607302
4165608115
4161930046
4161596374
4161283841
4266686314
4160466833
4265452695
4167189132
4262361675
4262402001
42618088
4269239811
4264207067
4167103638
4160309534
4165907388
4267808315
4260304567
4166064353
41644840
4169407873
4162336481
4267001965
4169990339
41674980
4167571412
4260125083
4268774413
4265957293
4167503238
4160209444
4167689072
4262684233
4264377792
4268253691
4162372262
4260195539
4267623149
4166624859
4162004528
4165618116
4162861669
4166338011
4165607914
4165618104
4164265699
4262339028
4263723607
4169632207
4263005684
4169666675
4266686321
41636405
4265059412
4261911867
4262270779
4169786957
4263736813
4266125060
4269140338
4264608605
4262874711
4165607939
42697989
4269325742
41646882
4161900376
4262126973
4164100270
4265043279
4166049754
4262485046
4265753925
42659223
4269751753
4167400195
4164894423
42640057
4268889714
4163870599
4264202008
4164269686
4264860214
4166203934
4267743197
4162336420
4265922344
4268805004
4267808394
4160654743
4268734415
4266654371
4265724972
4168179486
4262464710
4269444780
4260433349
4160190301
4168535743
4261808536
4166359900
4264698483
4265957259
4262106791
4166624821
4263304501
4168729553
4268392385
4166607790
4263337577
4169768700
4168681902
4263303249
4260412541
4265957211
4169913750
4269488422
4268066025
4267804773
4161560884
4263700986
4168668610
42646984
4167503227
4262684203
4160232733
4262110513
4162728964
41627216
4163002279
4269140319
4264207045
4168681941
4261601428
4160802402
4261147341
4166027200
4260842811
4166802714
4161311721
4164726514
4261407717
4169619895
4262874799
4167777945
4162705330
4264716688
4267636021
4269133874
4262684267
4166787650
4163802786
4262157493
4167393826
4167103683
4269794355
4169972138
41627212
4263253489
41682052
4264881807
4263154723
4161101693
4162805510
4165103725
42621239
4166486445
4160888843
4265308993
4260686749
4263727374
4260423051
4263154743
4165007436
4266125085
4160206663
4163527407
4268303618
4263110413
4262127726
4160088490
4167571460
4269798984
4267804753
4161101676
4264207010
4166322471
4265308902
4260195597
4164484075
4162592596
4264377700
4164100273
4260423076
4265206026
4269775926
4163095727
4260615307
4260876786
4262485015
4262332561
4262609740
4261897345
41627325
4168179494
4262609722
4167101615
4168138747
4164055512
4264300245
4160190315
4167103620
4269128729
4260403524
4263253475
4166607729
4263183928
4267812815
4160088450
4169007923
4166793287
4265053910
4163208614
4261897397
42641285
4161639525
4263461467
4168839505
4264517366
4166933425
4161571935
4262110526
4164603022
4161097823
41649840
4169645531
4261897361
4167393809
4263723602
4260309769
4165103764
4162805576
4266328312
4263736873
4269325732
4166000124
4260403563
4160701296
4169100657
4260699625
4164970704
4269751711
4161900321
4161079198
4260423009
4167689036
4260189930
4169972173
4166027279
4166770242
4269461074
4162488108
4264005564
4161205149
4263751754
4267695206
4263005680
4265793941
42641243
4263303280
4163320360
4168508253
4268108368
4161403561
4266054914
4263495539
4162728989
4162508279
4162508283
4168091312
4164055527
4264506943
4166011549
4265724965
4165763510
41682050
4167163338
4261235115
4262119080
4269741066
4162705396
4166203953
4261603283
4163701717
4160444336
4263005624
4266686300
4162336466
4265206031
4266686313
42621277
4161560846
4260189960
4264269038
4266406352
4269444759
4164603030
4269733782
4260832923
4263668992
4263877323
4162728992
4260423060
4266651850
41657636
4167230684
4164314178
4268003963
4162592539
4161101659
4265927647
4163609846
4165907312
4268734499
4164314144
4264269036
4164894415
41647216
4161205153
4169645519
4266686361
4168729542
4168668699
4169103000
4162574049
4166770228
4262566761
4164688269
4162670629
4165763515
4166049774
4167267239
4262676483
4162247245
4269128777
4164609513
4168839590
4168306520
4269794377
4269102493
4164750877
4161039273
4161821471
4163701742
4260564881
4265927664
42682175
4166052267
4265606625
4164316421
4163601337
4162405028
4160232778
4260433305
4163600416
4162004598
4167518197
4163601385
4265793928
4165184364
41674929
4165090042
4262197883
4266625140
4269183144
4263495290
4161400889
4266406320
4162353420
4269767783
4168681966
4260699620
4266676230
4267636033
4268253677
4266404386
4163607361
4263751775
4165902695
4167230604
41649830
4265372497
4264608603
4260449916
4263713753
4169937261
4260744319
4166166526
4265308927
4163512911
4162408301
4263746002
4167393855
4269007005
4167178440
4167777942
4260195552
4164103705
4264608695
4267623193
4160329769
4264806451
4161097838
4265452627
4264806461
4262988807
4269741094
4263303206
4263346431
4160701238
4267001940
4265034713
4266487632
4265957261
4262127737
4268774479
4164661951
4261408179
4163540264
4264377784
4167868259
4266319818
4163901776
4262270795
4160209429
4166723664
42608157
41621333
4165094719
4267743154
4163601343
4269549920
4269751794
4262907686
4269070854
4160190387
4269798999
4167203485
4168179462
4262509951
4261824060
4262335147
4161092629
4166770247
41647042
4168668643
4263154732
4269565730
4266054954
4265308901
4261306628
4162372252
4269775941
4265059487
4164726564
4263723609
4167203412
4160508100
4260485138
4268066091
4164603072
4263495207
4161079133
4163640596
4161972337
4266125033
4165953348
4265696612
4262336135
4161205109
42621292
41641037
4162768473
4161821401
4262485089
4162372248
4165620396
4162336406
4269475127
4269475103
4266654326
4268889754
4262609775
4167460061
4269794323
4164661920
4165106576
4263751723
4163512955
4264806402
4162143862
4261911820
4262119073
4264517311
4260564847
4269444710
4165007457
4267202945
4268381605
4160508145
4263045551
4263495201
4268047454
4168603978
4264257856
4261147343
4161821461
4262339023
4165094701
4262907623
4267808371
41674935
4268072693
4163923761
4164661941
4263154715
4163866682
4261235192
4162794415
4263183982
4162861672
4161184976
4166322445
4166271297
4162143819
4163908947
41621309
4269488460
4163901792
4261824074
4166359918
4161309493
4263495264
4268392339
4162508260
4269001857
4264207001
41615712
4167163300
4169103089
4162732549
4269007070
4262373470
4163770398
41688235
4260485121
4164970792
4269475104
4261601421
4167230679
4169913769
4266054976
4166746292
4166624880
4262130833
4268253629
4268072629
4260195529
4265927605
4263700959
4269704381
4166271288
4260152337
4162807809
4260485386
4260125043
4263372845
4165418359
4169768715
4164055521
4161913261
4162891208
4166064320
4161406775
4262684282
4263110417
4167689043
4263739851
4161571210
4169768742
4160329796
4261897382
4260006334
4264608639
4263346451
4160444396
4165907349
4167868280
4260744331
4263495289
4268066026
41688240
41624570
4264860203
4261764873
4168557113
4168603931
4265053927
4262676495
4161900369
4260195503
4260423031
4264269076
4163512966
4265532543
4165106550
4265123207
4161406779
4264608659
4268066054
4163683527
4166770279
4169707488
4167292348
41649819
4160088461
4269102454
4267882526
4260615332
4264860267
4264896375
4168729534
4162353489
4168034769
4167089409
4168729552
4260195545
4166773910
4166000156
4162631123
4164362890
4161101641
4262464782
4168716175
4260403534
4167103631
4166061982
4163870568
4269460271
42634958
4268889775
4262684285
4167230605
4268774499
4262566778
4269461013
4162627098
4162768495
4262157449
4169707471
4168716165
4169675052
4160802457
4160829628
4162143849
4263154757
4165929576
4266319876
4267275043
4267743173
4164970734
4264605603
4160607424
4168218438
4264300287
4165732604
4164269634
4261407704
4262126901
4268829990
4162336416
4264207093
4267743102
4264749059
4166052230
4161079196
4162353432
41624018
4168689382
4268072679
4160309567
4269488491
4265452972
4266406357
4161309432
4169007957
4264300278
4265452641
4262919821
4163770331
4162708099
4164055522
4168729544
4163640536
41688394
4161560873
4262157428
4267403832
4165963293
4169111601
4169666641
4266328323
4266651877
4262127719
4264896340
42629198
42692841
4162353468
4160508173
4164100222
4162705394
4262197870
4166770283
4264517330
4260842802
4260304522
4264860272
4263739877
42647166
4263877317
4165905182
4163208604
4166338044
4269325789
41638703
4264605620
4265340193
4269444730
4260564816
41694078
4165184390
41674999
4264605637
4260564891
4166061970
4263751793
4168091306
4263495223
4262733199
4169937243
4164661910
4261824037
4163204104
4262119041
4166359979
4264881890
4162670680
4162728939
4161966808
4166226345
4264507635
4163208641
4269325710
4262189376
41667932
4162501751
4265495386
4268381624
4260509496
4169524026
4161092682
4161902678
41647055
4161309423
4260686762
4166000177
4161256414
4263346465
4166773982
4266625101
4165103770
4261306699
4266651878
4160888837
4165763572
4160088453
4267603395
4167868230
4164100292
4165963249
4263303285
4262106733
41674906
4168535784
4161309459
4161092606
4165620323
4166607717
4166359949
4160888883
4268072662
4262126982
4160508189
4263746018
4163601381
4267305309
4162554666
4164484022
4165094736
4260485396
4165607956
4165907357
4162807884
4166624811
4167943110
4264257859
4269460253
4169111654
4166773990
4169632221
4164484050
4260403574
4268066012
4264257815
4169972121
4166064356
4262335118
4268253671
4168535725
4262106785
4263183900
4261407731
4162429964
4269284541
4162794457
4163802709
4166203988
4264377760
4264269045
4264300244
4269767709
4163204181
4162429916
4266406384
41687295
4263736831
4166061962
4263372877
4161256451
4164970778
4160829693
4161309408
4264300234
4264317496
4262170473
4265340151
4166322440
4263751751
4168668634
4166933472
4262874713
4264164543
4261306616
4165953371
4166166525
4162732567
4262612524
4265340188
4166322402
4266319824
4164504250
4260699685
4162531980
4264832652
4165184361
4168138770
4166802753
4266125059
4167777943
42621270
4269798998
4169707486
4161097860
4263154759
4263877303
4267804723
4263668921
4269741034
4265957296
4261824024
4265793922
4162488155
4262988865
4265340131
4265059410
4161101622
4164688204
4265071069
4169407803
4265724988
4162794429
4262119049
41649818
4267808324
4268253630
4164484087
4164235242
4262609757
4168716135
4268601903
4168138734
4268392300
4163320330
4161560841
4268829988
4260832939
4261407778
4262907650
4266889462
4164100269
4163002242
4260485119
4169805054
4264348279
4162794474
4265071056
4163866639
4266614837
4266686316
4267305388
4165607964
4265793905
4166338090
4169707455
4262919877
4269488498
4168716104
4169302123
4262110577
41674911
4269070878
4167292332
4168681943
4169111645
4263005681
4160466818
4267305323
4269751744
4163701786
4162508289
4161905411
4169972162
4267275011
4162890903
4262197897
4266614801
4263668963
4162631188
4262485041
4262335149
4166607727
4169666659
4167460072
4162574068
4169645597
4260689613
4164661980
4169420488
4169336886
4168052988
4269061180
4260918027
4163290705
41689656
4269091108
4168339455
4162014720
4262518262
4266347176
4167660825
4169249659
4168448213
42660011
4264270467
4168957660
4264996808
4160521424
4165298593
4163756130
4269969806
41631457
4162602692
4162322863
41667784
4161851219
4262652556
4164418579
4263613745
4164972375
4269551327
4262068660
4169436476
4162164419
4264451734
4160927944
4160247762
4166474061
4260977255
4163092918
42632206
4168562796
4269892413
4263443172
4262782203
4160111402
4164774433
4262457657
4269727290
4160606744
4162843510