94753910193
94753910203
94753910219
94753910229
94753910231
94753910268
94753910283
94753910305
94753910330
94753910347
94753910364
94753910392
94753910408
94753910414
94753910455
94753910462
94753910470
94753910489
94753910496
94753910514
94753910605
94753910606
94753910607
94753910612
94753910613
94753910626
94753910630
94753910638
94753910703
94753910792
94753910797
94753910805
94753910838
94753910888
94753910904
94753910906
94753910924
94753910947
94753910963
94753910972
94753910975
94753910988
94753911018
94753911047
94753911053
94753911090
94753911097
94753911099
94753911147
94753911163
94753911194
94753911206
94753911213
94753911256
94753911328
94753911342
94753911353
94753911358
94753911373
94753911383
94753911386
94753911392
94753911398
94753911408
94753911468
94753911479
94753911495
94753911522
94753911559
94753911626
94753911644
94753911659
94753911664
94753911672
94753911683
94753911749
94753911774
94753911789
94753911797
94753911826
94753911865
94753911891
94753911917
94753911946
94753911980
94753912002
94753912011
94753912032
94753912051
94753912110
94753912127
94753912129
94753912131
94753912142
94753912179
94753912203
94753912204
94753912235
94753912247
94753912262
94753912273
94753912313
94753912328
94753912333
94753912375
94753912376
94753912378
94753912388
94753912427
94753912439
94753912461
94753912474
94753912475
94753912520
94753912526
94753912529
94753912542
94753912593
94753912621
94753912630
94753912641
94753912649
94753912656
94753912672
94753912735
94753912768
94753912795
94753912828
94753912834
94753912846
94753912847
94753912849
94753912851
94753912857
94753912869
94753912889
94753912901
94753912922
94753912929
94753912973
94753912984
94753913014
94753913033
94753913048
94753913054
94753913070
94753913092
94753913093
94753913113
94753913116
94753913123
94753913215
94753913273
94753913289
94753913316
94753913361
94753913412
94753913420
94753913504
94753913538
94753913554
94753913564
94753913572
94753913576
94753913593
94753913609
94753913641
94753913643
94753913665
94753913667
94753913678
94753913689
94753913696
94753913722
94753913746
94753913758
94753913766
94753913803
94753913821
94753913865
94753913878
94753913902
94753913915
94753913923
94753913945
94753913952
94753913981
94753913998
94753914003
94753914016
94753914024
94753914053
94753914069
94753914071
94753914106
94753914135
94753914170
94753914171
94753914201
94753914216
94753914241
94753914258
94753914265
94753914274
94753914379
94753914388
94753914395
94753914406
94753914434
94753914450
94753914522
94753914538
94753914552
94753914553
94753914572
94753914589
94753914593
94753914602
94753914616
94753914637
94753914647
94753914654
94753914666
94753914671
94753914680
94753914684
94753914692
94753914702
94753914716
94753914736
94753914741
94753914743
94753914746
94753914752
94753914758
94753914824
94753914828
94753914845
94753914889
94753914904
94753914932
94753914940
94753914947
94753914957
94753914968
94753914991
94753915020
94753915074
94753915078
94753915095
94753915099
94753915124
94753915138
94753915145
94753915158
94753915198
94753915217
94753915225
94753915277
94753915291
94753915318
94753915329
94753915388
94753915405
94753915421
94753915499
94753915521
94753915529
94753915539
94753915542
94753915554
94753915579
94753915587
94753915590
94753915617
94753915630
94753915640
94753915643
94753915662
94753915668
94753915707
94753915755
94753915828
94753915846
94753915862
94753915879
94753915883
94753915901
94753915949
94753915954
94753916000
94753916009
94753916019
94753916032
94753916048
94753916057
94753916059
94753916069
94753916112
94753916127
94753916155
94753916191
94753916193
94753916202
94753916234
94753916279
94753916289
94753916306
94753916313
94753916327
94753916363
94753916365
94753916371
94753916380
94753916418
94753916421
94753916451
94753916462
94753916526
94753916553
94753916568
94753916573
94753916579
94753916580
94753916590
94753916642
94753916653
94753916656
94753916681
94753916694
94753916744
94753916749
94753916775
94753916782
94753916800
94753916801
94753916856
94753916865
94753916878
94753916959
94753917027
94753917073
94753917097
94753917107
94753917201
94753917204
94753917267
94753917306
94753917336
94753917357
94753917403
94753917441
94753917458
94753917461
94753917464
94753917559
94753917567
94753917576
94753917586
94753917591
94753917592
94753917624
94753917634
94753917638
94753917646
94753917651
94753917654
94753917662
94753917667
94753917685
94753917693
94753917694
94753917695
94753917704
94753917709
94753917729
94753917751
94753917769
94753917797
94753917804
94753917810
94753917818
94753917824
94753917827
94753917834
94753917835
94753917854
94753917865
94753917869
94753917873
94753917898
94753917946
94753917951
94753917981
94753918006
94753918013
94753918039
94753918056
94753918101
94753918103
94753918123
94753918161
94753918249
94753918286
94753918293
94753918298
94753918375
94753918377
94753918398
94753918428
94753918454
94753918470
94753918486
94753918507
94753918509
94753918519
94753918563
94753918569
94753918625
94753918633
94753918638
94753918649
94753918650
94753918654
94753918672
94753918684
94753918692
94753918698
94753918700
94753918711
94753918717
94753918731
94753918759
94753918762
94753918770
94753918775
94753918854
94753918861
94753918867
94753918888
94753918891
94753918921
94753918965
94753918995
94753919059
94753919072
94753919107
94753919110
94753919141
94753919148
94753919207
94753919211
94753919227
94753919291
94753919316
94753919350
94753919351
94753919353
94753919354
94753919361
94753919384
94753919393
94753919411
94753919422
94753919426
94753919452
94753919458
94753919460
94753919469
94753919493
94753919508
94753919547
94753919554
94753919581
94753919592
94753919594
94753919598
94753919608
94753919609
94753919610
94753919615
94753919616
94753919701
94753919764
94753919782
94753919794
94753919800
94753919808
94753919812
94753919826
94753919839
94753919861
94753919866
94753919894
94753919929
94753919947
94753919964
94753919976
94753919995
94753919998

Number
380911810720
380911810729
380911810753
380911810787
380911810795
380911810828
380911810872
380911810928
380911810945
380911810948
380911810958
380911810963
380911810988
380911810990
380911811011
380911811017
380911811056
380911811072
380911811079
380911811098
380911811105
380911811111
380911811112
380911811114
380911811118
380911811123
380911811130
380911811133
380911811147
380911811152
380911811156
380911811164
380911811253
380911811270
380911811273
380911811293
380911811294
380911811306
380911811333
380911811341
380911811356
380911811373
380911811452
380911811477
380911811488
380911811503
380911811511
380911811528
380911811534
380911811577
380911811581
380911811590
380911811596
380911811620
380911811621
380911811642
380911811651
380911811684
380911811687
380911811693
380911811695
380911811706
380911811710
380911811732
380911811733
380911811792
380911811795
380911811822
380911811839
380911811907
380911811928
380911811931
380911811958
380911811984
380911812063
380911812064
380911812070
380911812091
380911812124
380911812142
380911812152
380911812196
380911812203
380911812205
380911812219
380911812232
380911812240
380911812249
380911812259
380911812279
380911812286
380911812289
380911812379
380911812403
380911812435
380911812449
380911812517
380911812527
380911812544
380911812557
380911812585
380911812608
380911812625
380911812663
380911812706
380911812711
380911812736
380911812739
380911812744
380911812777
380911812783
380911812787
380911812814
380911812824
380911812833
380911812860
380911812871
380911812889
380911812898
380911812950
380911812952
380911812994
380911812997
380911813030
380911813057
380911813058
380911813060
380911813073
380911813108
380911813137
380911813150
380911813156
380911813164
380911813167
380911813207
380911813209
380911813222
380911813237
380911813259
380911813260
380911813278
380911813281
380911813285
380911813288
380911813295
380911813298
380911813307
380911813313
380911813346
380911813347
380911813367
380911813404
380911813432
380911813450
380911813469
380911813486
380911813505
380911813532
380911813607
380911813641
380911813651
380911813656
380911813680
380911813722
380911813741
380911813756
380911813782
380911813802
380911813803
380911813822
380911813831
380911813853
380911813866
380911813871
380911813879
380911813882
380911813890
380911813919
380911813942
380911813948
380911813966
380911813991
380911813992
380911814000
380911814008
380911814012
380911814022
380911814062
380911814077
380911814094
380911814097
380911814133
380911814155
380911814156
380911814163
380911814175
380911814191
380911814194
380911814195
380911814199
380911814206
380911814212
380911814245
380911814251
380911814253
380911814259
380911814284
380911814304
380911814344
380911814352
380911814372
380911814384
380911814396
380911814452
380911814453
380911814454
380911814478
380911814489
380911814511
380911814552
380911814576
380911814589
380911814610
380911814622
380911814632
380911814672
380911814685
380911814691
380911814702
380911814718
380911814726
380911814744
380911814747
380911814778
380911814800
380911814805
380911814819
380911814883
380911814924
380911814926
380911814958
380911814994
380911815026
380911815042
380911815052
380911815066
380911815070
380911815075
380911815084
380911815103
380911815105
380911815119
380911815190
380911815205
380911815222
380911815233
380911815295
380911815306
380911815320
380911815364
380911815374
380911815401
380911815456
380911815553
380911815554
380911815555
380911815589
380911815638
380911815649
380911815657
380911815670
380911815685
380911815728
380911815733
380911815749
380911815771
380911815807
380911815809
380911815819
380911815842
380911815853
380911815854
380911815866
380911815886
380911815920
380911815943
380911815972
380911815981
380911815989
380911815994
380911816014
380911816029
380911816037
380911816061
380911816064
380911816111
380911816124
380911816130
380911816159
380911816192
380911816195
380911816211
380911816248
380911816263
380911816272
380911816287
380911816320
380911816333
380911816334
380911816347
380911816356
380911816394
380911816422
380911816440
380911816469
380911816478
380911816484
380911816495
380911816507
380911816527
380911816558
380911816588
380911816604
380911816671
380911816699
380911816703
380911816796
380911816801
380911816811
380911816827
380911816835
380911816837
380911816854
380911816856
380911816898
380911816905
380911816906
380911816934
380911817041
380911817052
380911817056
380911817063
380911817112
380911817134
380911817139
380911817147
380911817172
380911817194
380911817234
380911817243
380911817248
380911817261
380911817272
380911817347
380911817354
380911817387
380911817411
380911817423
380911817441
380911817453
380911817461
380911817478
380911817480
380911817488
380911817516
380911817530
380911817543
380911817553
380911817556
380911817567
380911817598
380911817599
380911817643
380911817653
380911817674
380911817707
380911817708
380911817756
380911817769
380911817784
380911817802
380911817836
380911817845
380911817855
380911817868
380911817882
380911817899
380911817980
380911817988
380911817991
380911818005
380911818017
380911818018
380911818019
380911818046
380911818084
380911818094
380911818123
380911818142
380911818198
380911818199
380911818204
380911818216
380911818224
380911818227
380911818245
380911818248
380911818291
380911818310
380911818356
380911818433
380911818439
380911818464
380911818470
380911818485
380911818502
380911818503
380911818504
380911818510
380911818521
380911818553
380911818555
380911818711
380911818730
380911818732
380911818749
380911818768
380911818778
380911818787
380911818820
380911818832
380911818857
380911818859
380911818877
380911818884
380911818907
380911818943
380911818946
380911818971
380911818979
380911818993
380911819000
380911819016
380911819028
380911819030
380911819032
380911819039
380911819053
380911819082
380911819085
380911819088
380911819104
380911819129
380911819146
380911819159
380911819165
380911819168
380911819180
380911819213
380911819252
380911819262
380911819306
380911819312
380911819316
380911819336
380911819343
380911819355
380911819382
380911819423
380911819444
380911819450
380911819457
380911819477
380911819503
380911819520
380911819523
380911819531
380911819576
380911819606
380911819620
380911819649
380911819675
380911819699
380911819719
380911819728
380911819771
380911819774
380911819792
380911819806
380911819824
380911819829
380911819834
380911819837
380911819846
380911819871
380911819897
380911819906
380911819908
380911819929
380911819973

Number
254777541752
254777542005
254777542897
254777543200
254777543618
254777543935
254777544068
254777545734
254777546491
254777547284
254777548609
254777549018
254777549719
254777750233
254777750554
254777750850
254777750890
254777750943
254777751389
254777751855
254777752018
254777752430
254777752690
254777752963
254777753005
254777753320
254777753357
254777753385
254777753517
254777753566
254777753840
254777753936
254777754390
254777756115
254777756392
254777757039
254777757207
254777757359
254777757578
254777757587
254777757734
254777757815
254777757998
254777758240
254777758515
254777759157
254774090088
254774090089
254774090241
254774090306
254774091305
254774091316
254774091320
254774092560
254774092894
254774093069
254774093643
254774093833
254774094014
254774094065
254774094086
254774094128
254774094196
254774094204
254774094465
254774094755
254774094868
254774095037
254774097154
254774097193
254774097927
254774098176
254774098911
254774099013
254774099331
254774099435
254774099441
254774099579
254774099659
254772470056
254772471257
254772471363
254772471568
254772471596
254772471900
254772471943
254772472784
254772472938
254772472955
254772472970
254772473092
254772473128
254772473734
254772474221
254772475006
254772475869
254772475870
254772475871
254772475872
254772476051
254772476053
254772476327
254772476668
254772476788
254772476896
254772477055
254772477105
254772477207
254772477530
254772477747
254772477755
254772478015
254772478389
254772478514
254772478536
254772478795
254772478959
254772479206
254772479438
254772479506
254772479539
254772479750
254773060743
254773060774
254773060967
254773061072
254773061115
254773061549
254773062001
254773062269
254773062510
254773063540
254773064038
254773064051
254773064104
254773064117
254773064607
254773064782
254773064858
254773065521
254773065915
254773066008
254773066011
254773066199
254773066490
254773066617
254773066892
254773066981
254773067515
254773067977
254773068153
254773068240
254773068934
254773069161
254773069562
254773069641
254773069868
254773069914
254770341422
254770342017
254770342368
254770342442
254770342503
254770342652
254770342844
254770343786
254770343828
254770344330
254770344682
254770344935
254770345264
254770345912
254770345963
254770346149
254770346306
254770346370
254770346587
254770346715
254770346771
254770347099
254770347125
254770347291
254770347716
254770347852
254770347890
254770348441
254770348578
254770348580
254770348791
254770348948
254770349311
254770349342
254770349539
254770349692
254770349856
254771100422
254771101204
254771101565
254771102423
254771103090
254771103133
254771103217
254771103231
254771103560
254771103561
254771103592
254771103871
254771104415
254771104440
254771104534
254771105326
254771105947
254771105972
254771105988
254771106321
254771106347
254771107181
254771107333
254771107954
254771108333
254771108545
254771108659
254771108935
254771108955
254771109052
254771109330
254771109901
254771160033
254771160155
254771160251
254771160372
254771160464
254771161379
254771161443
254771161755
254771162633
254771163240
254771163349
254771163530
254771163725
254771164355
254771164818
254771165038
254771165280
254771166125
254771166292
254771166463
254771167019
254771167371
254771167384
254771167386
254771167388
254771167418
254771168101
254771168500
254771168504
254771168836
254771168921
254771169028
254771169062
254771169262
254771169276
254771169443
254771169590
254771169690
254771169935
254779770048
254779771101
254779771359
254779771668
254779772029
254779772049
254779772383
254779773135
254779773402
254779773535
254779773563
254779773803
254779774327
254779774335
254779774366
254779774401
254779774823
254779775018
254779775105
254779775344
254779775599
254779776009
254779776378
254779776391
254779776678
254779777164
254779778413
254779778710
254779778906
254779778982
254779779102
254779779204
254779779491
254770500130
254770500238
254770500519
254770500741
254770501424
254770501580
254770501588
254770501641
254770501832
254770501984
254770502225
254770502285
254770502578
254770503677
254770503717
254770503732
254770503915
254770504070
254770504939
254770505051
254770505253
254770505842
254770505996
254770506268
254770507205
254770507632
254770507853
254770507921
254770508296
254770508605
254770509277
254770509493
254770509502
254770509883
254770930290
254770930337
254770930522
254770931654
254770931669
254770932085
254770932622
254770932940
254770932982
254770933347
254770933508
254770934247
254770934718
254770935061
254770935529
254770935562
254770935631
254770935760
254770936098
254770937155
254770937532
254770938409
254770938502
254770938534
254770939295
254770939339
254770939949
254770400338
254770400983
254770401107
254770401198
254770401914
254770402264
254770402662
254770403259
254770403538
254770403666
254770404276
254770404455
254770404473
254770404503
254770404712
254770404722
254770404807
254770405149
254770405457
254770405882
254770406607
254770406655
254770406731
254770406882
254770407045
254770407132
254770407134
254770407261
254770407281
254770407572
254770408129
254770408135
254770408490
254770408637
254770408655
254770408754
254770409199
254770409268
254770409317
254775040102
254775040154
254775040172
254775040401
254775040415
254775041513
254775042149
254775042503
254775042666
254775043489
254775043605
254775044049
254775044096
254775044148
254775044445
254775044565
254775044844
254775045160
254775045864
254775045913
254775046793
254775046953
254775047228
254775047572
254775047882
254775047897
254775047900
254775048040
254775049417
254775049624
254775049992
254772430250
254772430419
254772430519
254772430702
254772431284
254772431523
254772431776
254772433108
254772433234
254772434065
254772434449
254772434536
254772434668
254772434774
254772434927
254772435196
254772435322
254772435330
254772435591
254772435705
254772435804
254772436109
254772436561
254772436785
254772436978
254772437438
254772437464
254772437508
254772437760
254772438203
254772438270
254772438284
254772438598
254772438945
254772439780
254778660519
254778660561
254778660759
254778660993
254778661197
254778661394
254778661761
254778661897
254778662093
254778662920
254778663250
254778663300
254778663538
254778663652
254778663726
254778664035
254778664120
254778664304
254778664397
254778664790
254778665169
254778665519
254778666398
254778666483
254778666723
254778666939
254778667540
254778667751
254778668238
254778668265
254778668540
254778669653
254778669760
254778669962
254778669993